1.269841e+02
1.269841e+02
1.269841e+02
1.269841e+02
1.269841e+02
1.269841e+02
1.269841e+02
1.269841e+02
1.269841e+02
1.269841e+02
1.269841e+02
1.269841e+02
1.269841e+02
1.269841e+02
1.269841e+02
1.269841e+02
1.269841e+02
1.269841e+02
1.250000e+02
1.250000e+02
1.250000e+02
1.250000e+02
1.230769e+02
1.230769e+02
1.230769e+02
1.230769e+02
1.212121e+02
1.212121e+02
1.212121e+02
1.212121e+02
1.212121e+02
1.212121e+02
1.212121e+02
1.212121e+02
1.194030e+02
1.194030e+02
1.194030e+02
1.176471e+02
1.176471e+02
1.159420e+02
1.159420e+02
1.159420e+02
1.142857e+02
1.142857e+02
1.142857e+02
1.142857e+02
1.142857e+02
1.142857e+02
1.126761e+02
1.126761e+02
1.126761e+02
1.126761e+02
1.126761e+02
1.126761e+02
1.111111e+02
1.111111e+02
1.111111e+02
1.095890e+02
1.095890e+02
1.081081e+02
1.081081e+02
1.081081e+02
1.081081e+02
1.081081e+02
1.081081e+02
1.081081e+02
1.081081e+02
0.000000e+00
0.000000e+00
0.000000e+00
0.000000e+00
0.000000e+00
0.000000e+00
0.000000e+00
0.000000e+00
0.000000e+00
0.000000e+00
1.194030e+02
1.194030e+02
1.194030e+02
1.194030e+02
1.194030e+02
1.194030e+02
1.194030e+02
1.194030e+02
1.176471e+02
1.176471e+02
1.176471e+02
0.000000e+00
0.000000e+00
0.000000e+00
0.000000e+00
0.000000e+00
0.000000e+00
0.000000e+00
0.000000e+00
0.000000e+00
0.000000e+00
0.000000e+00
0.000000e+00
0.000000e+00
0.000000e+00
0.000000e+00
0.000000e+00
0.000000e+00
0.000000e+00
0.000000e+00
0.000000e+00
0.000000e+00
0.000000e+00
0.000000e+00
0.000000e+00
0.000000e+00
0.000000e+00
0.000000e+00
0.000000e+00
0.000000e+00
0.000000e+00
0.000000e+00
0.000000e+00
0.000000e+00
0.000000e+00
0.000000e+00
0.000000e+00
0.000000e+00
0.000000e+00
0.000000e+00
0.000000e+00
0.000000e+00
0.000000e+00
0.000000e+00
0.000000e+00
0.000000e+00
0.000000e+00
0.000000e+00
2.222222e+02
2.222222e+02
2.222222e+02
2.222222e+02
2.222222e+02
2.222222e+02
2.192192e+02
2.162162e+02
0.000000e+00
0.000000e+00
0.000000e+00
0.000000e+00
0.000000e+00
0.000000e+00
0.000000e+00
0.000000e+00
0.000000e+00
0.000000e+00
0.000000e+00
0.000000e+00
0.000000e+00
0.000000e+00
0.000000e+00
0.000000e+00
0.000000e+00
0.000000e+00
0.000000e+00
0.000000e+00
0.000000e+00
0.000000e+00
0.000000e+00
0.000000e+00
0.000000e+00
0.000000e+00
0.000000e+00
0.000000e+00
0.000000e+00
0.000000e+00
0.000000e+00
0.000000e+00
2.962963e+02
2.962963e+02
2.962963e+02
2.962963e+02
2.962963e+02
2.962963e+02
2.962963e+02
2.962963e+02
2.962963e+02
2.962963e+02
2.962963e+02
2.962963e+02
0.000000e+00
0.000000e+00
0.000000e+00
0.000000e+00
0.000000e+00
0.000000e+00
0.000000e+00
0.000000e+00
0.000000e+00
0.000000e+00
0.000000e+00
0.000000e+00
0.000000e+00
0.000000e+00
0.000000e+00
0.000000e+00
0.000000e+00
0.000000e+00
0.000000e+00
0.000000e+00
0.000000e+00
0.000000e+00
0.000000e+00
1.311475e+02
1.311475e+02
1.311475e+02
1.311475e+02
1.311475e+02
1.311475e+02
1.311475e+02
1.311475e+02
1.311475e+02
1.290323e+02
1.290323e+02
1.290323e+02
1.159420e+02
1.176471e+02
1.167945e+02
1.159420e+02
1.151139e+02
1.142857e+02
1.134809e+02
1.126761e+02
1.126761e+02
1.111111e+02
1.111111e+02
1.111111e+02
1.111111e+02
1.111111e+02
1.111111e+02
0.000000e+00
0.000000e+00
0.000000e+00
0.000000e+00
0.000000e+00
0.000000e+00
0.000000e+00
0.000000e+00
0.000000e+00
0.000000e+00
0.000000e+00
0.000000e+00
0.000000e+00
0.000000e+00
0.000000e+00
0.000000e+00
0.000000e+00
0.000000e+00
0.000000e+00
0.000000e+00
0.000000e+00
0.000000e+00
0.000000e+00
0.000000e+00
0.000000e+00
0.000000e+00
0.000000e+00
0.000000e+00
0.000000e+00
0.000000e+00
0.000000e+00
0.000000e+00
0.000000e+00
0.000000e+00
0.000000e+00
0.000000e+00
0.000000e+00
0.000000e+00
0.000000e+00
0.000000e+00
0.000000e+00
0.000000e+00
0.000000e+00
0.000000e+00
0.000000e+00
0.000000e+00
0.000000e+00
0.000000e+00
0.000000e+00
0.000000e+00
0.000000e+00
0.000000e+00
0.000000e+00
1.000000e+02
1.000000e+02
1.000000e+02
9.651163e+01
9.302325e+01
9.413068e+01
9.523810e+01
9.413068e+01
9.302325e+01
9.302325e+01
9.195403e+01
9.195403e+01
9.090909e+01
9.090909e+01
8.988764e+01
8.988764e+01
8.988764e+01
8.888889e+01
8.888889e+01
8.888889e+01
8.888889e+01
8.888889e+01
8.791209e+01
8.888889e+01
8.791209e+01
8.606131e+01
8.421053e+01
8.377193e+01
8.333334e+01
8.333334e+01
8.333334e+01
0.000000e+00
0.000000e+00
0.000000e+00
0.000000e+00
0.000000e+00
0.000000e+00
0.000000e+00
0.000000e+00
0.000000e+00
0.000000e+00
0.000000e+00
0.000000e+00
0.000000e+00
0.000000e+00
0.000000e+00
0.000000e+00
0.000000e+00
0.000000e+00
