1.194030e+02
1.194030e+02
1.194030e+02
1.194030e+02
1.194030e+02
1.176471e+02
1.176471e+02
1.176471e+02
1.176471e+02
1.142857e+02
1.142857e+02
1.142857e+02
1.142857e+02
1.142857e+02
1.142857e+02
1.142857e+02
1.142857e+02
1.142857e+02
1.142857e+02
1.142857e+02
1.142857e+02
0.000000e+00
0.000000e+00
0.000000e+00
0.000000e+00
0.000000e+00
0.000000e+00
0.000000e+00
0.000000e+00
0.000000e+00
0.000000e+00
0.000000e+00
1.111111e+02
1.111111e+02
1.111111e+02
0.000000e+00
0.000000e+00
0.000000e+00
0.000000e+00
0.000000e+00
0.000000e+00
0.000000e+00
0.000000e+00
0.000000e+00
0.000000e+00
0.000000e+00
1.454545e+02
1.454545e+02
1.481481e+02
1.481481e+02
1.481481e+02
1.481481e+02
1.481481e+02
1.509434e+02
1.509434e+02
1.509434e+02
1.509434e+02
1.509434e+02
1.509434e+02
1.509434e+02
1.509434e+02
1.509434e+02
1.509434e+02
1.509434e+02
1.509434e+02
1.509434e+02
1.509434e+02
1.509434e+02
1.509434e+02
1.509434e+02
1.509434e+02
1.509434e+02
1.509434e+02
1.509434e+02
1.509434e+02
1.538462e+02
1.538462e+02
1.509434e+02
1.509434e+02
1.509434e+02
1.509434e+02
1.509434e+02
1.509434e+02
1.509434e+02
1.509434e+02
1.509434e+02
1.509434e+02
1.509434e+02
1.509434e+02
1.509434e+02
1.509434e+02
1.509434e+02
1.538462e+02
1.538462e+02
1.538462e+02
1.538462e+02
1.509434e+02
1.509434e+02
0.000000e+00
0.000000e+00
0.000000e+00
0.000000e+00
0.000000e+00
0.000000e+00
0.000000e+00
0.000000e+00
0.000000e+00
0.000000e+00
0.000000e+00
0.000000e+00
0.000000e+00
0.000000e+00
0.000000e+00
0.000000e+00
0.000000e+00
0.000000e+00
0.000000e+00
0.000000e+00
0.000000e+00
0.000000e+00
0.000000e+00
0.000000e+00
0.000000e+00
0.000000e+00
0.000000e+00
0.000000e+00
0.000000e+00
0.000000e+00
0.000000e+00
0.000000e+00
0.000000e+00
0.000000e+00
0.000000e+00
0.000000e+00
0.000000e+00
0.000000e+00
0.000000e+00
0.000000e+00
0.000000e+00
0.000000e+00
0.000000e+00
0.000000e+00
0.000000e+00
0.000000e+00
0.000000e+00
0.000000e+00
0.000000e+00
0.000000e+00
0.000000e+00
0.000000e+00
0.000000e+00
0.000000e+00
0.000000e+00
1.290323e+02
1.311475e+02
1.311475e+02
1.333333e+02
1.333333e+02
1.403509e+02
1.403509e+02
1.403509e+02
1.403509e+02
1.403509e+02
1.403509e+02
1.403509e+02
1.403509e+02
1.379310e+02
1.379310e+02
1.379310e+02
1.379310e+02
1.379310e+02
1.379310e+02
1.379310e+02
1.379310e+02
1.379310e+02
1.379310e+02
1.379310e+02
1.379310e+02
1.355932e+02
1.355932e+02
1.355932e+02
1.355932e+02
1.355932e+02
1.355932e+02
1.355932e+02
1.355932e+02
1.333333e+02
1.333333e+02
1.333333e+02
1.333333e+02
1.333333e+02
1.333333e+02
1.333333e+02
1.333333e+02
1.311475e+02
1.311475e+02
1.311475e+02
1.311475e+02
1.311475e+02
1.311475e+02
1.290323e+02
1.290323e+02
1.290323e+02
1.290323e+02
1.290323e+02
1.290323e+02
1.290323e+02
1.269841e+02
1.269841e+02
1.269841e+02
1.269841e+02
1.250000e+02
1.250000e+02
1.250000e+02
1.230769e+02
1.230769e+02
1.230769e+02
1.230769e+02
1.230769e+02
1.230769e+02
1.212121e+02
1.212121e+02
1.212121e+02
1.212121e+02
1.194030e+02
1.194030e+02
1.176471e+02
0.000000e+00
0.000000e+00
0.000000e+00
0.000000e+00
0.000000e+00
0.000000e+00
0.000000e+00
0.000000e+00
0.000000e+00
0.000000e+00
0.000000e+00
0.000000e+00
0.000000e+00
0.000000e+00
0.000000e+00
0.000000e+00
0.000000e+00
0.000000e+00
0.000000e+00
0.000000e+00
0.000000e+00
0.000000e+00
0.000000e+00
0.000000e+00
0.000000e+00
0.000000e+00
0.000000e+00
0.000000e+00
0.000000e+00
0.000000e+00
0.000000e+00
0.000000e+00
0.000000e+00
0.000000e+00
0.000000e+00
0.000000e+00
0.000000e+00
0.000000e+00
0.000000e+00
0.000000e+00
0.000000e+00
0.000000e+00
0.000000e+00
0.000000e+00
0.000000e+00
0.000000e+00
0.000000e+00
0.000000e+00
0.000000e+00
0.000000e+00
0.000000e+00
0.000000e+00
0.000000e+00
0.000000e+00
0.000000e+00
0.000000e+00
0.000000e+00
0.000000e+00
0.000000e+00
0.000000e+00
0.000000e+00
0.000000e+00
0.000000e+00
0.000000e+00
0.000000e+00
0.000000e+00
0.000000e+00
0.000000e+00
0.000000e+00
0.000000e+00
0.000000e+00
0.000000e+00
0.000000e+00
0.000000e+00
0.000000e+00
0.000000e+00
0.000000e+00
0.000000e+00
0.000000e+00
0.000000e+00
0.000000e+00
0.000000e+00
0.000000e+00
0.000000e+00
0.000000e+00
0.000000e+00
0.000000e+00
0.000000e+00
0.000000e+00
0.000000e+00
0.000000e+00
0.000000e+00
0.000000e+00
0.000000e+00
0.000000e+00
0.000000e+00
0.000000e+00
0.000000e+00
0.000000e+00
0.000000e+00
0.000000e+00
0.000000e+00
0.000000e+00
0.000000e+00
0.000000e+00
0.000000e+00
0.000000e+00
0.000000e+00
0.000000e+00
0.000000e+00
0.000000e+00
0.000000e+00
0.000000e+00
0.000000e+00
0.000000e+00
0.000000e+00
0.000000e+00
0.000000e+00
0.000000e+00
0.000000e+00
0.000000e+00
0.000000e+00
0.000000e+00
0.000000e+00
0.000000e+00
0.000000e+00
0.000000e+00
0.000000e+00
0.000000e+00
0.000000e+00
0.000000e+00
0.000000e+00
0.000000e+00
0.000000e+00
0.000000e+00
0.000000e+00
0.000000e+00
0.000000e+00
0.000000e+00
0.000000e+00
0.000000e+00
0.000000e+00
0.000000e+00
0.000000e+00
0.000000e+00
0.000000e+00
0.000000e+00
0.000000e+00
0.000000e+00
0.000000e+00
0.000000e+00
0.000000e+00
0.000000e+00
0.000000e+00
1.951219e+02
1.951219e+02
1.951219e+02
1.951219e+02
1.904762e+02
1.904762e+02
1.904762e+02
1.904762e+02
1.904762e+02
1.860465e+02
1.860465e+02
1.860465e+02
1.818182e+02
1.818182e+02
0.000000e+00
0.000000e+00
0.000000e+00
0.000000e+00
0.000000e+00
0.000000e+00
0.000000e+00
0.000000e+00
0.000000e+00
0.000000e+00
0.000000e+00
0.000000e+00
0.000000e+00
0.000000e+00
0.000000e+00
0.000000e+00
0.000000e+00
0.000000e+00
0.000000e+00
0.000000e+00
0.000000e+00
0.000000e+00
0.000000e+00
0.000000e+00
0.000000e+00
0.000000e+00
0.000000e+00
0.000000e+00
0.000000e+00
0.000000e+00
0.000000e+00
0.000000e+00
0.000000e+00
0.000000e+00
0.000000e+00
0.000000e+00
0.000000e+00
0.000000e+00
0.000000e+00
0.000000e+00
0.000000e+00
0.000000e+00
0.000000e+00
0.000000e+00
0.000000e+00
0.000000e+00
0.000000e+00
0.000000e+00
0.000000e+00
0.000000e+00
0.000000e+00
0.000000e+00
0.000000e+00
0.000000e+00
0.000000e+00
0.000000e+00
0.000000e+00
0.000000e+00
0.000000e+00
0.000000e+00
0.000000e+00
0.000000e+00
0.000000e+00
0.000000e+00
0.000000e+00
0.000000e+00
0.000000e+00
0.000000e+00
0.000000e+00
0.000000e+00
0.000000e+00
0.000000e+00
0.000000e+00
0.000000e+00
0.000000e+00
0.000000e+00
0.000000e+00
0.000000e+00
0.000000e+00
0.000000e+00
0.000000e+00
0.000000e+00
0.000000e+00
0.000000e+00
0.000000e+00
0.000000e+00
0.000000e+00
0.000000e+00
0.000000e+00
0.000000e+00
0.000000e+00
0.000000e+00
0.000000e+00
0.000000e+00
0.000000e+00
0.000000e+00
0.000000e+00
0.000000e+00
0.000000e+00
0.000000e+00
0.000000e+00
0.000000e+00
0.000000e+00
0.000000e+00
0.000000e+00
0.000000e+00
0.000000e+00
0.000000e+00
0.000000e+00
0.000000e+00
0.000000e+00
0.000000e+00
0.000000e+00
0.000000e+00
0.000000e+00
0.000000e+00
