0.000000e+00
0.000000e+00
0.000000e+00
0.000000e+00
2.857143e+02
2.857143e+02
2.857143e+02
2.857143e+02
2.857143e+02
2.857143e+02
2.857143e+02
2.857143e+02
2.857143e+02
0.000000e+00
0.000000e+00
0.000000e+00
0.000000e+00
0.000000e+00
0.000000e+00
0.000000e+00
0.000000e+00
0.000000e+00
0.000000e+00
0.000000e+00
0.000000e+00
0.000000e+00
0.000000e+00
0.000000e+00
0.000000e+00
0.000000e+00
0.000000e+00
0.000000e+00
0.000000e+00
0.000000e+00
0.000000e+00
1.951219e+02
1.951219e+02
1.951219e+02
1.904762e+02
1.904762e+02
1.904762e+02
1.904762e+02
1.904762e+02
1.904762e+02
1.904762e+02
1.860465e+02
1.860465e+02
1.860465e+02
1.860465e+02
1.860465e+02
1.860465e+02
1.860465e+02
1.860465e+02
1.860465e+02
1.904762e+02
1.860465e+02
1.904762e+02
1.904762e+02
1.904762e+02
1.904762e+02
1.904762e+02
1.951219e+02
1.951219e+02
1.951219e+02
1.951219e+02
1.951219e+02
1.951219e+02
2.000000e+02
2.000000e+02
2.000000e+02
2.000000e+02
2.000000e+02
2.000000e+02
2.000000e+02
2.000000e+02
2.000000e+02
2.000000e+02
2.000000e+02
2.000000e+02
2.000000e+02
2.000000e+02
2.000000e+02
2.000000e+02
2.000000e+02
2.000000e+02
2.000000e+02
2.000000e+02
2.000000e+02
2.000000e+02
2.000000e+02
2.000000e+02
2.000000e+02
2.000000e+02
2.000000e+02
2.000000e+02
2.000000e+02
2.000000e+02
2.000000e+02
2.000000e+02
2.000000e+02
2.000000e+02
2.051282e+02
2.051282e+02
2.051282e+02
2.051282e+02
2.051282e+02
2.051282e+02
2.051282e+02
2.051282e+02
2.051282e+02
2.051282e+02
2.051282e+02
2.051282e+02
2.051282e+02
2.051282e+02
2.051282e+02
2.051282e+02
2.000000e+02
2.000000e+02
2.000000e+02
2.000000e+02
2.000000e+02
0.000000e+00
0.000000e+00
0.000000e+00
0.000000e+00
0.000000e+00
0.000000e+00
0.000000e+00
0.000000e+00
0.000000e+00
0.000000e+00
0.000000e+00
0.000000e+00
0.000000e+00
0.000000e+00
0.000000e+00
0.000000e+00
0.000000e+00
0.000000e+00
0.000000e+00
0.000000e+00
0.000000e+00
0.000000e+00
0.000000e+00
0.000000e+00
0.000000e+00
0.000000e+00
0.000000e+00
0.000000e+00
0.000000e+00
0.000000e+00
0.000000e+00
0.000000e+00
0.000000e+00
0.000000e+00
0.000000e+00
0.000000e+00
0.000000e+00
0.000000e+00
0.000000e+00
0.000000e+00
0.000000e+00
0.000000e+00
0.000000e+00
0.000000e+00
0.000000e+00
0.000000e+00
0.000000e+00
0.000000e+00
0.000000e+00
0.000000e+00
0.000000e+00
0.000000e+00
0.000000e+00
0.000000e+00
0.000000e+00
1.951219e+02
2.000000e+02
2.000000e+02
2.000000e+02
2.000000e+02
2.000000e+02
2.000000e+02
2.000000e+02
2.000000e+02
2.000000e+02
2.051282e+02
2.051282e+02
2.051282e+02
0.000000e+00
0.000000e+00
0.000000e+00
0.000000e+00
0.000000e+00
0.000000e+00
0.000000e+00
0.000000e+00
0.000000e+00
0.000000e+00
0.000000e+00
0.000000e+00
0.000000e+00
0.000000e+00
0.000000e+00
0.000000e+00
0.000000e+00
1.666667e+02
1.702128e+02
1.702128e+02
1.666667e+02
1.666667e+02
1.666667e+02
1.666667e+02
1.666667e+02
1.666667e+02
1.632653e+02
1.632653e+02
1.632653e+02
1.632653e+02
1.632653e+02
1.632653e+02
1.632653e+02
1.632653e+02
1.600000e+02
1.600000e+02
1.600000e+02
1.600000e+02
1.600000e+02
1.632653e+02
1.600000e+02
1.600000e+02
1.600000e+02
1.600000e+02
1.632653e+02
1.632653e+02
1.632653e+02
1.632653e+02
1.632653e+02
1.632653e+02
1.632653e+02
1.632653e+02
1.666667e+02
1.666667e+02
1.666667e+02
1.666667e+02
1.666667e+02
1.666667e+02
1.666667e+02
1.702128e+02
1.702128e+02
1.702128e+02
1.702128e+02
1.702128e+02
1.702128e+02
1.702128e+02
1.702128e+02
1.702128e+02
1.702128e+02
1.739130e+02
1.739130e+02
1.739130e+02
1.739130e+02
1.739130e+02
1.739130e+02
1.739130e+02
1.739130e+02
1.739130e+02
1.739130e+02
1.739130e+02
1.739130e+02
1.739130e+02
1.739130e+02
1.777778e+02
1.777778e+02
1.777778e+02
1.818182e+02
1.818182e+02
1.818182e+02
1.818182e+02
1.818182e+02
1.818182e+02
1.818182e+02
1.818182e+02
1.818182e+02
1.818182e+02
1.818182e+02
1.818182e+02
1.818182e+02
1.777778e+02
1.777778e+02
0.000000e+00
0.000000e+00
0.000000e+00
0.000000e+00
0.000000e+00
0.000000e+00
0.000000e+00
0.000000e+00
0.000000e+00
0.000000e+00
0.000000e+00
0.000000e+00
0.000000e+00
0.000000e+00
0.000000e+00
0.000000e+00
0.000000e+00
0.000000e+00
0.000000e+00
0.000000e+00
0.000000e+00
0.000000e+00
0.000000e+00
0.000000e+00
0.000000e+00
0.000000e+00
7.476636e+01
7.476636e+01
7.476636e+01
7.476636e+01
7.476636e+01
0.000000e+00
0.000000e+00
0.000000e+00
0.000000e+00
0.000000e+00
0.000000e+00
0.000000e+00
0.000000e+00
0.000000e+00
0.000000e+00
0.000000e+00
0.000000e+00
0.000000e+00
0.000000e+00
0.000000e+00
0.000000e+00
0.000000e+00
0.000000e+00
0.000000e+00
0.000000e+00
0.000000e+00
0.000000e+00
0.000000e+00
0.000000e+00
0.000000e+00
0.000000e+00
0.000000e+00
0.000000e+00
0.000000e+00
0.000000e+00
0.000000e+00
0.000000e+00
0.000000e+00
0.000000e+00
0.000000e+00
0.000000e+00
0.000000e+00
0.000000e+00
0.000000e+00
0.000000e+00
0.000000e+00
0.000000e+00
0.000000e+00
0.000000e+00
0.000000e+00
0.000000e+00
0.000000e+00
0.000000e+00
0.000000e+00
0.000000e+00
0.000000e+00
1.818182e+02
1.818182e+02
1.818182e+02
1.860465e+02
1.860465e+02
1.860465e+02
1.860465e+02
1.860465e+02
1.860465e+02
1.860465e+02
1.860465e+02
1.860465e+02
1.860465e+02
0.000000e+00
0.000000e+00
0.000000e+00
0.000000e+00
0.000000e+00
0.000000e+00
0.000000e+00
0.000000e+00
0.000000e+00
0.000000e+00
0.000000e+00
0.000000e+00
0.000000e+00
0.000000e+00
0.000000e+00
0.000000e+00
1.538462e+02
1.509972e+02
1.481481e+02
1.428571e+02
1.428571e+02
1.454545e+02
1.454545e+02
1.454545e+02
1.454545e+02
1.454545e+02
1.454545e+02
1.454545e+02
1.454545e+02
1.454545e+02
1.481481e+02
1.454545e+02
1.481481e+02
1.454545e+02
1.454545e+02
1.454545e+02
1.454545e+02
1.454545e+02
1.454545e+02
1.454545e+02
1.454545e+02
1.454545e+02
1.454545e+02
1.454545e+02
1.454545e+02
1.454545e+02
1.454545e+02
1.454545e+02
1.454545e+02
1.454545e+02
1.454545e+02
1.481481e+02
1.568627e+02
1.568627e+02
1.568627e+02
1.568627e+02
1.568627e+02
1.568627e+02
1.568627e+02
1.568627e+02
1.568627e+02
1.568627e+02
1.568627e+02
1.568627e+02
1.568627e+02
1.568627e+02
1.568627e+02
1.568627e+02
1.568627e+02
1.568627e+02
1.568627e+02
1.568627e+02
1.600000e+02
1.600000e+02
1.600000e+02
1.632653e+02
1.632653e+02
1.632653e+02
1.632653e+02
1.632653e+02
1.666667e+02
1.666667e+02
1.666667e+02
1.666667e+02
1.666667e+02
1.666667e+02
1.666667e+02
1.666667e+02
1.666667e+02
1.666667e+02
1.632653e+02
1.632653e+02
1.632653e+02
1.632653e+02
1.632653e+02
1.632653e+02
1.632653e+02
1.632653e+02
1.632653e+02
1.632653e+02
1.632653e+02
1.632653e+02
1.632653e+02
1.632653e+02
1.600000e+02
1.632653e+02
1.632653e+02
1.632653e+02
