0.000000e+00
0.000000e+00
0.000000e+00
0.000000e+00
0.000000e+00
0.000000e+00
0.000000e+00
0.000000e+00
0.000000e+00
0.000000e+00
0.000000e+00
0.000000e+00
0.000000e+00
0.000000e+00
0.000000e+00
0.000000e+00
0.000000e+00
0.000000e+00
0.000000e+00
0.000000e+00
0.000000e+00
0.000000e+00
0.000000e+00
0.000000e+00
0.000000e+00
0.000000e+00
0.000000e+00
0.000000e+00
0.000000e+00
0.000000e+00
0.000000e+00
0.000000e+00
0.000000e+00
0.000000e+00
0.000000e+00
0.000000e+00
0.000000e+00
0.000000e+00
0.000000e+00
0.000000e+00
0.000000e+00
0.000000e+00
0.000000e+00
0.000000e+00
0.000000e+00
0.000000e+00
0.000000e+00
0.000000e+00
0.000000e+00
2.285714e+02
2.285714e+02
2.285714e+02
2.285714e+02
2.285714e+02
2.222222e+02
2.222222e+02
2.222222e+02
2.222222e+02
2.222222e+02
2.162162e+02
2.162162e+02
2.162162e+02
2.162162e+02
2.105263e+02
2.105263e+02
2.105263e+02
2.051282e+02
2.051282e+02
2.051282e+02
2.051282e+02
2.000000e+02
2.000000e+02
2.000000e+02
1.951219e+02
1.951219e+02
1.951219e+02
1.951219e+02
1.951219e+02
1.951219e+02
1.951219e+02
1.951219e+02
1.904762e+02
1.904762e+02
1.904762e+02
2.005013e+02
2.105263e+02
2.105263e+02
2.105263e+02
2.105263e+02
2.105263e+02
2.105263e+02
2.162162e+02
2.162162e+02
2.162162e+02
2.162162e+02
2.222222e+02
2.222222e+02
2.285714e+02
2.285714e+02
2.308123e+02
2.330532e+02
2.352941e+02
2.352941e+02
2.352941e+02
2.352941e+02
2.424242e+02
2.424242e+02
2.424242e+02
2.424242e+02
2.424242e+02
2.424242e+02
2.424242e+02
2.424242e+02
2.352941e+02
2.352941e+02
2.352941e+02
2.352941e+02
2.424242e+02
2.424242e+02
2.424242e+02
2.424242e+02
2.424242e+02
2.424242e+02
2.424242e+02
2.424242e+02
2.424242e+02
2.424242e+02
2.424242e+02
2.424242e+02
2.424242e+02
2.424242e+02
2.500000e+02
2.500000e+02
2.500000e+02
2.500000e+02
2.500000e+02
2.500000e+02
2.500000e+02
2.500000e+02
2.500000e+02
2.500000e+02
2.500000e+02
2.462121e+02
2.424242e+02
2.424242e+02
2.424242e+02
2.424242e+02
2.424242e+02
2.424242e+02
2.424242e+02
2.424242e+02
2.424242e+02
2.424242e+02
2.424242e+02
2.424242e+02
2.424242e+02
2.424242e+02
2.424242e+02
2.424242e+02
2.352941e+02
2.352941e+02
2.352941e+02
2.319328e+02
2.285714e+02
2.285714e+02
0.000000e+00
0.000000e+00
0.000000e+00
0.000000e+00
0.000000e+00
0.000000e+00
2.051282e+02
2.000000e+02
2.000000e+02
2.000000e+02
2.000000e+02
2.000000e+02
1.951219e+02
1.951219e+02
1.951219e+02
1.951219e+02
1.951219e+02
1.951219e+02
1.951219e+02
1.951219e+02
1.951219e+02
1.951219e+02
1.951219e+02
2.000000e+02
2.000000e+02
2.000000e+02
0.000000e+00
0.000000e+00
0.000000e+00
0.000000e+00
0.000000e+00
0.000000e+00
0.000000e+00
0.000000e+00
0.000000e+00
0.000000e+00
0.000000e+00
0.000000e+00
0.000000e+00
0.000000e+00
0.000000e+00
0.000000e+00
0.000000e+00
0.000000e+00
0.000000e+00
0.000000e+00
0.000000e+00
2.352941e+02
2.352941e+02
2.352941e+02
2.352941e+02
2.352941e+02
2.285714e+02
2.285714e+02
2.285714e+02
2.285714e+02
2.222222e+02
2.162162e+02
2.162162e+02
2.105263e+02
2.105263e+02
2.105263e+02
2.105263e+02
2.105263e+02
2.051282e+02
2.051282e+02
2.051282e+02
2.051282e+02
2.000000e+02
2.000000e+02
1.951219e+02
1.951219e+02
1.904762e+02
1.904762e+02
1.904762e+02
1.904762e+02
1.904762e+02
1.904762e+02
1.904762e+02
1.904762e+02
1.951219e+02
2.000000e+02
2.000000e+02
2.025641e+02
2.051282e+02
2.051282e+02
2.051282e+02
2.078273e+02
2.105263e+02
0.000000e+00
0.000000e+00
2.222222e+02
2.222222e+02
2.222222e+02
2.285714e+02
2.285714e+02
2.285714e+02
2.285714e+02
2.285714e+02
2.352941e+02
2.352941e+02
2.352941e+02
2.352941e+02
2.352941e+02
2.352941e+02
2.352941e+02
2.352941e+02
2.352941e+02
2.285714e+02
2.285714e+02
2.285714e+02
2.285714e+02
2.285714e+02
2.352941e+02
2.352941e+02
2.352941e+02
2.352941e+02
2.352941e+02
2.352941e+02
2.352941e+02
2.352941e+02
2.352941e+02
2.352941e+02
2.424242e+02
2.424242e+02
2.424242e+02
2.424242e+02
2.424242e+02
2.424242e+02
2.424242e+02
2.424242e+02
2.424242e+02
2.424242e+02
2.424242e+02
2.424242e+02
2.424242e+02
2.424242e+02
2.424242e+02
2.400475e+02
2.376708e+02
2.352941e+02
2.352941e+02
2.352941e+02
2.352941e+02
2.352941e+02
2.352941e+02
2.352941e+02
2.352941e+02
2.285714e+02
2.285714e+02
2.285714e+02
2.285714e+02
0.000000e+00
0.000000e+00
0.000000e+00
0.000000e+00
1.860465e+02
1.860465e+02
1.818182e+02
1.818182e+02
1.818182e+02
1.818182e+02
1.818182e+02
1.818182e+02
1.818182e+02
1.818182e+02
1.818182e+02
1.818182e+02
1.860465e+02
1.860465e+02
1.860465e+02
1.860465e+02
1.860465e+02
1.860465e+02
1.860465e+02
1.860465e+02
1.904762e+02
1.904762e+02
1.904762e+02
1.904762e+02
1.904762e+02
1.951219e+02
1.951219e+02
1.951219e+02
1.951219e+02
1.951219e+02
2.000000e+02
2.000000e+02
2.000000e+02
0.000000e+00
0.000000e+00
0.000000e+00
0.000000e+00
0.000000e+00
0.000000e+00
0.000000e+00
0.000000e+00
0.000000e+00
0.000000e+00
0.000000e+00
0.000000e+00
0.000000e+00
0.000000e+00
0.000000e+00
0.000000e+00
0.000000e+00
0.000000e+00
0.000000e+00
0.000000e+00
0.000000e+00
0.000000e+00
0.000000e+00
0.000000e+00
0.000000e+00
0.000000e+00
0.000000e+00
0.000000e+00
0.000000e+00
0.000000e+00
0.000000e+00
0.000000e+00
0.000000e+00
0.000000e+00
0.000000e+00
0.000000e+00
0.000000e+00
0.000000e+00
0.000000e+00
0.000000e+00
0.000000e+00
0.000000e+00
0.000000e+00
0.000000e+00
0.000000e+00
0.000000e+00
0.000000e+00
2.666667e+02
2.666667e+02
2.666667e+02
2.666667e+02
2.666667e+02
2.666667e+02
2.666667e+02
2.666667e+02
2.666667e+02
2.666667e+02
2.666667e+02
2.666667e+02
1.355932e+02
1.355932e+02
1.355932e+02
1.355932e+02
2.666667e+02
2.666667e+02
2.666667e+02
2.666667e+02
2.666667e+02
2.666667e+02
2.666667e+02
2.666667e+02
2.666667e+02
2.666667e+02
2.666667e+02
2.666667e+02
2.758621e+02
2.758621e+02
2.758621e+02
2.758621e+02
2.758621e+02
2.758621e+02
2.758621e+02
2.758621e+02
2.758621e+02
2.758621e+02
2.758621e+02
0.000000e+00
0.000000e+00
0.000000e+00
0.000000e+00
0.000000e+00
0.000000e+00
0.000000e+00
0.000000e+00
0.000000e+00
0.000000e+00
0.000000e+00
0.000000e+00
0.000000e+00
0.000000e+00
0.000000e+00
0.000000e+00
0.000000e+00
0.000000e+00
0.000000e+00
0.000000e+00
0.000000e+00
0.000000e+00
0.000000e+00
0.000000e+00
0.000000e+00
0.000000e+00
0.000000e+00
0.000000e+00
0.000000e+00
0.000000e+00
0.000000e+00
0.000000e+00
0.000000e+00
0.000000e+00
0.000000e+00
0.000000e+00
0.000000e+00
0.000000e+00
0.000000e+00
0.000000e+00
0.000000e+00
0.000000e+00
0.000000e+00
0.000000e+00
0.000000e+00
0.000000e+00
1.702128e+02
1.702128e+02
1.702128e+02
1.702128e+02
1.702128e+02
1.702128e+02
1.702128e+02
1.702128e+02
1.739130e+02
1.739130e+02
1.739130e+02
1.739130e+02
1.739130e+02
1.739130e+02
1.739130e+02
0.000000e+00
0.000000e+00
0.000000e+00
0.000000e+00
1.904762e+02
1.904762e+02
1.904762e+02
1.904762e+02
1.927991e+02
1.951219e+02
2.000000e+02
2.000000e+02
2.000000e+02
2.000000e+02
2.000000e+02
2.000000e+02
2.051282e+02
2.051282e+02
2.051282e+02
2.051282e+02
2.105263e+02
2.105263e+02
2.162162e+02
2.162162e+02
2.222222e+02
2.222222e+02
2.222222e+02
2.222222e+02
2.222222e+02
2.222222e+02
2.222222e+02
2.222222e+02
2.222222e+02
2.222222e+02
2.222222e+02
2.222222e+02
2.222222e+02
2.222222e+02
2.222222e+02
2.222222e+02
2.222222e+02
2.285714e+02
2.285714e+02
2.285714e+02
2.352941e+02
2.352941e+02
2.424242e+02
2.424242e+02
2.424242e+02
2.424242e+02
2.500000e+02
2.500000e+02
2.500000e+02
2.500000e+02
2.580645e+02
2.580645e+02
2.580645e+02
2.580645e+02
2.666667e+02
2.666667e+02
2.666667e+02
2.666667e+02
2.666667e+02
2.666667e+02
2.666667e+02
2.666667e+02
2.666667e+02
2.666667e+02
2.666667e+02
2.758621e+02
2.758621e+02
2.758621e+02
2.758621e+02
2.758621e+02
2.758621e+02
2.758621e+02
2.758621e+02
2.758621e+02
2.758621e+02
0.000000e+00
0.000000e+00
0.000000e+00
0.000000e+00
0.000000e+00
0.000000e+00
0.000000e+00
0.000000e+00
0.000000e+00
0.000000e+00
0.000000e+00
0.000000e+00
0.000000e+00
2.162162e+02
2.162162e+02
2.162162e+02
2.162162e+02
2.162162e+02
2.162162e+02
2.162162e+02
2.162162e+02
2.162162e+02
2.222222e+02
2.222222e+02
2.222222e+02
2.285714e+02
2.285714e+02
2.285714e+02
2.285714e+02
2.352941e+02
2.352941e+02
2.424242e+02
2.424242e+02
2.424242e+02
2.424242e+02
2.500000e+02
2.500000e+02
2.500000e+02
2.500000e+02
2.500000e+02
2.580645e+02
2.580645e+02
2.580645e+02
2.580645e+02
2.580645e+02
2.580645e+02
2.580645e+02
2.580645e+02
2.580645e+02
2.580645e+02
2.580645e+02
2.580645e+02
2.580645e+02
2.580645e+02
2.580645e+02
2.580645e+02
2.580645e+02
2.580645e+02
2.666667e+02
2.666667e+02
2.666667e+02
2.666667e+02
2.666667e+02
2.758621e+02
2.758621e+02
2.758621e+02
2.758621e+02
2.758621e+02
2.758621e+02
2.758621e+02
2.758621e+02
2.758621e+02
2.758621e+02
1.403509e+02
1.403509e+02
1.403509e+02
1.403509e+02
2.758621e+02
2.758621e+02
2.758621e+02
2.758621e+02
2.758621e+02
2.758621e+02
2.758621e+02
2.758621e+02
2.758621e+02
2.758621e+02
2.758621e+02
2.758621e+02
2.758621e+02
2.758621e+02
2.758621e+02
2.758621e+02
2.758621e+02
2.758621e+02
2.758621e+02
2.758621e+02
2.758621e+02
2.758621e+02
2.758621e+02
2.758621e+02
2.758621e+02
2.758621e+02
2.758621e+02
2.758621e+02
2.758621e+02
2.758621e+02
2.758621e+02
2.758621e+02
2.758621e+02
2.758621e+02
2.758621e+02
2.758621e+02
2.758621e+02
2.758621e+02
2.758621e+02
2.758621e+02
2.758621e+02
2.758621e+02
2.758621e+02
2.758621e+02
0.000000e+00
0.000000e+00
0.000000e+00
0.000000e+00
0.000000e+00
0.000000e+00
0.000000e+00
0.000000e+00
0.000000e+00
0.000000e+00
0.000000e+00
0.000000e+00
0.000000e+00
0.000000e+00
0.000000e+00
0.000000e+00
0.000000e+00
0.000000e+00
0.000000e+00
0.000000e+00
0.000000e+00
0.000000e+00
0.000000e+00
0.000000e+00
0.000000e+00
0.000000e+00
0.000000e+00
0.000000e+00
0.000000e+00
0.000000e+00
0.000000e+00
0.000000e+00
0.000000e+00
0.000000e+00
0.000000e+00
0.000000e+00
0.000000e+00
0.000000e+00
0.000000e+00
0.000000e+00
0.000000e+00
0.000000e+00
0.000000e+00
0.000000e+00
0.000000e+00
0.000000e+00
2.857143e+02
2.857143e+02
2.857143e+02
2.857143e+02
2.857143e+02
2.857143e+02
2.857143e+02
2.857143e+02
2.857143e+02
2.857143e+02
2.857143e+02
2.857143e+02
2.857143e+02
2.857143e+02
2.857143e+02
0.000000e+00
0.000000e+00
0.000000e+00
0.000000e+00
0.000000e+00
0.000000e+00
0.000000e+00
0.000000e+00
0.000000e+00
0.000000e+00
0.000000e+00
0.000000e+00
0.000000e+00
0.000000e+00
0.000000e+00
0.000000e+00
0.000000e+00
0.000000e+00
0.000000e+00
0.000000e+00
0.000000e+00
0.000000e+00
0.000000e+00
0.000000e+00
0.000000e+00
0.000000e+00
0.000000e+00
0.000000e+00
0.000000e+00
0.000000e+00
0.000000e+00
0.000000e+00
0.000000e+00
0.000000e+00
0.000000e+00
0.000000e+00
0.000000e+00
0.000000e+00
0.000000e+00
0.000000e+00
0.000000e+00
0.000000e+00
0.000000e+00
0.000000e+00
0.000000e+00
0.000000e+00
0.000000e+00
0.000000e+00
0.000000e+00
0.000000e+00
0.000000e+00
0.000000e+00
0.000000e+00
0.000000e+00
0.000000e+00
0.000000e+00
0.000000e+00
0.000000e+00
0.000000e+00
0.000000e+00
0.000000e+00
0.000000e+00
0.000000e+00
0.000000e+00
0.000000e+00
0.000000e+00
0.000000e+00
0.000000e+00
0.000000e+00
0.000000e+00
0.000000e+00
0.000000e+00
8.080808e+01
8.080808e+01
8.080808e+01
8.080808e+01
8.080808e+01
8.080808e+01
8.080808e+01
0.000000e+00
0.000000e+00
0.000000e+00
0.000000e+00
0.000000e+00
0.000000e+00
0.000000e+00
0.000000e+00
0.000000e+00
0.000000e+00
9.523810e+01
9.523810e+01
9.523810e+01
9.523810e+01
9.523810e+01
9.523810e+01
9.523810e+01
9.523810e+01
9.523810e+01
9.523810e+01
9.523810e+01
9.523810e+01
9.523810e+01
9.523810e+01
0.000000e+00
0.000000e+00
0.000000e+00
9.411765e+01
9.411765e+01
9.411765e+01
9.411765e+01
9.411765e+01
9.411765e+01
9.411765e+01
9.411765e+01
9.411765e+01
9.411765e+01
9.411765e+01
9.411765e+01
9.411765e+01
9.411765e+01
9.411765e+01
9.411765e+01
0.000000e+00
0.000000e+00
0.000000e+00
0.000000e+00
0.000000e+00
0.000000e+00
