0.000000e+00
0.000000e+00
0.000000e+00
0.000000e+00
0.000000e+00
0.000000e+00
0.000000e+00
0.000000e+00
0.000000e+00
0.000000e+00
0.000000e+00
0.000000e+00
0.000000e+00
0.000000e+00
0.000000e+00
0.000000e+00
0.000000e+00
0.000000e+00
0.000000e+00
0.000000e+00
0.000000e+00
0.000000e+00
1.333333e+02
1.333333e+02
1.355932e+02
1.355932e+02
1.355932e+02
1.355932e+02
1.379310e+02
1.379310e+02
1.379310e+02
1.403509e+02
1.403509e+02
1.403509e+02
1.403509e+02
1.428571e+02
1.428571e+02
1.428571e+02
1.428571e+02
1.428571e+02
1.428571e+02
1.428571e+02
1.428571e+02
1.428571e+02
1.441559e+02
1.454545e+02
1.454545e+02
1.454545e+02
1.454545e+02
1.481481e+02
1.481481e+02
1.454545e+02
1.481481e+02
1.481481e+02
1.481481e+02
1.481481e+02
1.481481e+02
1.481481e+02
1.481481e+02
1.481481e+02
1.481481e+02
1.509434e+02
1.509434e+02
1.538462e+02
1.538462e+02
1.568627e+02
1.568627e+02
1.568627e+02
1.568627e+02
1.568627e+02
1.568627e+02
1.568627e+02
1.568627e+02
1.568627e+02
1.568627e+02
1.568627e+02
1.568627e+02
1.568627e+02
0.000000e+00
0.000000e+00
0.000000e+00
1.568627e+02
1.568627e+02
1.568627e+02
1.568627e+02
1.568627e+02
1.568627e+02
1.568627e+02
1.568627e+02
1.568627e+02
1.568627e+02
1.568627e+02
1.568627e+02
1.568627e+02
1.568627e+02
1.568627e+02
1.568627e+02
1.600000e+02
1.600000e+02
1.600000e+02
1.600000e+02
1.600000e+02
1.600000e+02
1.600000e+02
1.600000e+02
1.600000e+02
1.600000e+02
1.600000e+02
1.600000e+02
1.600000e+02
1.600000e+02
1.632653e+02
1.632653e+02
1.632653e+02
1.632653e+02
1.666667e+02
1.666667e+02
1.666667e+02
1.666667e+02
1.666667e+02
1.666667e+02
1.666667e+02
1.702128e+02
1.702128e+02
1.702128e+02
1.702128e+02
1.702128e+02
1.702128e+02
1.702128e+02
1.702128e+02
1.720629e+02
1.739130e+02
1.739130e+02
1.739130e+02
1.739130e+02
1.739130e+02
1.739130e+02
1.739130e+02
1.739130e+02
1.739130e+02
1.739130e+02
1.739130e+02
1.739130e+02
1.739130e+02
1.739130e+02
1.739130e+02
1.739130e+02
1.739130e+02
1.739130e+02
1.739130e+02
1.739130e+02
1.739130e+02
1.739130e+02
1.739130e+02
1.702128e+02
1.702128e+02
1.702128e+02
1.702128e+02
1.702128e+02
1.702128e+02
1.702128e+02
1.702128e+02
1.702128e+02
1.702128e+02
1.739130e+02
1.739130e+02
1.739130e+02
1.739130e+02
1.739130e+02
1.739130e+02
1.739130e+02
1.739130e+02
1.739130e+02
1.739130e+02
1.739130e+02
1.777778e+02
1.777778e+02
1.777778e+02
1.777778e+02
1.777778e+02
1.777778e+02
1.777778e+02
1.777778e+02
1.777778e+02
1.777778e+02
1.777778e+02
1.777778e+02
1.777778e+02
1.777778e+02
1.777778e+02
1.777778e+02
1.777778e+02
1.739130e+02
1.739130e+02
1.739130e+02
1.739130e+02
1.739130e+02
1.739130e+02
1.702128e+02
1.702128e+02
1.702128e+02
1.666667e+02
1.666667e+02
1.666667e+02
1.702128e+02
1.666667e+02
0.000000e+00
0.000000e+00
0.000000e+00
0.000000e+00
0.000000e+00
0.000000e+00
1.777778e+02
1.777778e+02
1.777778e+02
1.777778e+02
1.739130e+02
1.777778e+02
1.777778e+02
1.777778e+02
1.777778e+02
1.777778e+02
1.777778e+02
1.777778e+02
1.777778e+02
1.777778e+02
1.777778e+02
1.777778e+02
1.777778e+02
1.777778e+02
1.777778e+02
1.777778e+02
1.777778e+02
1.777778e+02
1.777778e+02
1.739130e+02
1.739130e+02
1.739130e+02
1.739130e+02
0.000000e+00
0.000000e+00
0.000000e+00
0.000000e+00
0.000000e+00
0.000000e+00
0.000000e+00
0.000000e+00
0.000000e+00
0.000000e+00
0.000000e+00
0.000000e+00
1.311475e+02
1.311475e+02
1.311475e+02
1.290323e+02
1.290323e+02
1.290323e+02
1.290323e+02
1.290323e+02
1.290323e+02
1.269841e+02
1.269841e+02
1.269841e+02
1.250000e+02
1.231061e+02
1.212121e+02
1.212121e+02
1.212121e+02
1.212121e+02
1.212121e+02
1.212121e+02
1.194030e+02
1.194030e+02
1.212121e+02
1.212121e+02
1.212121e+02
1.212121e+02
1.212121e+02
1.212121e+02
1.212121e+02
1.212121e+02
1.212121e+02
1.212121e+02
1.203076e+02
1.194030e+02
0.000000e+00
0.000000e+00
0.000000e+00
0.000000e+00
0.000000e+00
0.000000e+00
0.000000e+00
0.000000e+00
0.000000e+00
0.000000e+00
0.000000e+00
0.000000e+00
0.000000e+00
0.000000e+00
0.000000e+00
0.000000e+00
0.000000e+00
0.000000e+00
0.000000e+00
0.000000e+00
0.000000e+00
0.000000e+00
0.000000e+00
1.095890e+02
1.095890e+02
1.095890e+02
1.095890e+02
1.088486e+02
1.081081e+02
1.081081e+02
1.081081e+02
1.081081e+02
1.081081e+02
1.073874e+02
1.066667e+02
1.066667e+02
1.066667e+02
1.059649e+02
1.052632e+02
1.066667e+02
1.052632e+02
1.052632e+02
1.052632e+02
1.052632e+02
1.052632e+02
1.052632e+02
0.000000e+00
0.000000e+00
0.000000e+00
0.000000e+00
0.000000e+00
0.000000e+00
0.000000e+00
0.000000e+00
0.000000e+00
0.000000e+00
0.000000e+00
0.000000e+00
0.000000e+00
0.000000e+00
0.000000e+00
0.000000e+00
0.000000e+00
0.000000e+00
0.000000e+00
0.000000e+00
0.000000e+00
0.000000e+00
0.000000e+00
0.000000e+00
0.000000e+00
0.000000e+00
0.000000e+00
0.000000e+00
0.000000e+00
9.638554e+01
9.638554e+01
9.638554e+01
9.638554e+01
9.638554e+01
9.638554e+01
9.638554e+01
9.638554e+01
9.638554e+01
9.638554e+01
9.638554e+01
9.638554e+01
9.638554e+01
9.523810e+01
9.523810e+01
9.523810e+01
9.411765e+01
9.523810e+01
0.000000e+00
0.000000e+00
0.000000e+00
0.000000e+00
0.000000e+00
0.000000e+00
0.000000e+00
0.000000e+00
0.000000e+00
0.000000e+00
0.000000e+00
0.000000e+00
0.000000e+00
0.000000e+00
0.000000e+00
0.000000e+00
0.000000e+00
0.000000e+00
0.000000e+00
0.000000e+00
0.000000e+00
0.000000e+00
0.000000e+00
0.000000e+00
0.000000e+00
0.000000e+00
0.000000e+00
0.000000e+00
0.000000e+00
0.000000e+00
0.000000e+00
0.000000e+00
0.000000e+00
0.000000e+00
0.000000e+00
0.000000e+00
0.000000e+00
0.000000e+00
0.000000e+00
0.000000e+00
0.000000e+00
0.000000e+00
0.000000e+00
0.000000e+00
0.000000e+00
0.000000e+00
0.000000e+00
0.000000e+00
0.000000e+00
0.000000e+00
0.000000e+00
0.000000e+00
8.888889e+01
8.888889e+01
8.888889e+01
8.888889e+01
8.888889e+01
8.888889e+01
8.888889e+01
8.888889e+01
8.791209e+01
8.791209e+01
0.000000e+00
0.000000e+00
0.000000e+00
0.000000e+00
0.000000e+00
0.000000e+00
0.000000e+00
0.000000e+00
0.000000e+00
0.000000e+00
0.000000e+00
0.000000e+00
0.000000e+00
0.000000e+00
0.000000e+00
