0.000000e+00
0.000000e+00
0.000000e+00
0.000000e+00
0.000000e+00
1.159420e+02
1.159420e+02
1.159420e+02
1.159420e+02
1.176471e+02
1.176471e+02
1.176471e+02
1.838235e+02
2.500000e+02
2.500000e+02
2.500000e+02
2.500000e+02
2.500000e+02
2.500000e+02
2.500000e+02
2.500000e+02
2.500000e+02
2.580645e+02
2.580645e+02
2.580645e+02
2.580645e+02
2.580645e+02
2.580645e+02
2.500000e+02
2.500000e+02
2.500000e+02
2.500000e+02
2.500000e+02
2.500000e+02
2.500000e+02
2.500000e+02
2.500000e+02
2.500000e+02
2.500000e+02
2.500000e+02
2.424242e+02
2.424242e+02
2.424242e+02
2.424242e+02
2.424242e+02
2.424242e+02
1.194030e+02
1.194030e+02
1.194030e+02
1.194030e+02
1.176471e+02
1.176471e+02
2.285714e+02
2.285714e+02
2.285714e+02
2.285714e+02
2.285714e+02
2.285714e+02
2.285714e+02
2.285714e+02
2.285714e+02
2.285714e+02
2.285714e+02
0.000000e+00
0.000000e+00
0.000000e+00
0.000000e+00
0.000000e+00
0.000000e+00
0.000000e+00
0.000000e+00
0.000000e+00
0.000000e+00
0.000000e+00
2.000000e+02
1.951219e+02
1.951219e+02
1.951219e+02
1.951219e+02
1.951219e+02
1.951219e+02
1.951219e+02
1.951219e+02
1.951219e+02
9.756097e+01
9.756097e+01
9.756097e+01
9.756097e+01
0.000000e+00
0.000000e+00
0.000000e+00
0.000000e+00
0.000000e+00
0.000000e+00
0.000000e+00
0.000000e+00
0.000000e+00
0.000000e+00
0.000000e+00
0.000000e+00
0.000000e+00
0.000000e+00
0.000000e+00
0.000000e+00
0.000000e+00
0.000000e+00
0.000000e+00
0.000000e+00
0.000000e+00
0.000000e+00
0.000000e+00
0.000000e+00
1.702128e+02
1.702128e+02
1.702128e+02
1.702128e+02
1.702128e+02
1.666667e+02
1.666667e+02
1.666667e+02
1.666667e+02
1.632653e+02
1.632653e+02
1.632653e+02
1.632653e+02
1.632653e+02
1.600000e+02
1.568627e+02
1.538462e+02
1.538462e+02
1.538462e+02
1.509434e+02
0.000000e+00
0.000000e+00
0.000000e+00
0.000000e+00
0.000000e+00
0.000000e+00
0.000000e+00
0.000000e+00
0.000000e+00
0.000000e+00
0.000000e+00
0.000000e+00
0.000000e+00
0.000000e+00
0.000000e+00
0.000000e+00
0.000000e+00
0.000000e+00
0.000000e+00
0.000000e+00
0.000000e+00
0.000000e+00
0.000000e+00
0.000000e+00
0.000000e+00
0.000000e+00
0.000000e+00
0.000000e+00
0.000000e+00
0.000000e+00
0.000000e+00
0.000000e+00
0.000000e+00
0.000000e+00
0.000000e+00
0.000000e+00
0.000000e+00
0.000000e+00
0.000000e+00
0.000000e+00
0.000000e+00
0.000000e+00
0.000000e+00
0.000000e+00
0.000000e+00
0.000000e+00
0.000000e+00
0.000000e+00
0.000000e+00
0.000000e+00
0.000000e+00
0.000000e+00
0.000000e+00
0.000000e+00
0.000000e+00
0.000000e+00
0.000000e+00
0.000000e+00
0.000000e+00
0.000000e+00
0.000000e+00
0.000000e+00
0.000000e+00
0.000000e+00
0.000000e+00
0.000000e+00
0.000000e+00
0.000000e+00
0.000000e+00
0.000000e+00
0.000000e+00
0.000000e+00
0.000000e+00
0.000000e+00
0.000000e+00
0.000000e+00
0.000000e+00
0.000000e+00
0.000000e+00
0.000000e+00
0.000000e+00
0.000000e+00
0.000000e+00
0.000000e+00
0.000000e+00
0.000000e+00
0.000000e+00
0.000000e+00
0.000000e+00
0.000000e+00
0.000000e+00
0.000000e+00
0.000000e+00
0.000000e+00
0.000000e+00
0.000000e+00
0.000000e+00
0.000000e+00
0.000000e+00
0.000000e+00
0.000000e+00
0.000000e+00
0.000000e+00
0.000000e+00
0.000000e+00
0.000000e+00
0.000000e+00
0.000000e+00
0.000000e+00
0.000000e+00
0.000000e+00
0.000000e+00
0.000000e+00
0.000000e+00
0.000000e+00
0.000000e+00
0.000000e+00
0.000000e+00
0.000000e+00
0.000000e+00
0.000000e+00
0.000000e+00
0.000000e+00
0.000000e+00
0.000000e+00
0.000000e+00
0.000000e+00
0.000000e+00
0.000000e+00
0.000000e+00
0.000000e+00
0.000000e+00
0.000000e+00
0.000000e+00
0.000000e+00
0.000000e+00
0.000000e+00
0.000000e+00
0.000000e+00
0.000000e+00
0.000000e+00
0.000000e+00
0.000000e+00
0.000000e+00
0.000000e+00
0.000000e+00
0.000000e+00
0.000000e+00
0.000000e+00
0.000000e+00
0.000000e+00
0.000000e+00
0.000000e+00
0.000000e+00
0.000000e+00
0.000000e+00
0.000000e+00
0.000000e+00
0.000000e+00
0.000000e+00
0.000000e+00
0.000000e+00
0.000000e+00
0.000000e+00
0.000000e+00
0.000000e+00
0.000000e+00
0.000000e+00
0.000000e+00
0.000000e+00
0.000000e+00
0.000000e+00
0.000000e+00
0.000000e+00
0.000000e+00
0.000000e+00
0.000000e+00
0.000000e+00
0.000000e+00
0.000000e+00
0.000000e+00
0.000000e+00
0.000000e+00
0.000000e+00
0.000000e+00
0.000000e+00
0.000000e+00
0.000000e+00
0.000000e+00
0.000000e+00
0.000000e+00
0.000000e+00
0.000000e+00
0.000000e+00
0.000000e+00
0.000000e+00
9.523810e+01
9.523810e+01
9.523810e+01
9.523810e+01
9.523810e+01
9.523810e+01
0.000000e+00
0.000000e+00
0.000000e+00
0.000000e+00
0.000000e+00
0.000000e+00
0.000000e+00
0.000000e+00
0.000000e+00
0.000000e+00
0.000000e+00
0.000000e+00
0.000000e+00
0.000000e+00
1.702128e+02
1.702128e+02
1.702128e+02
1.702128e+02
1.702128e+02
1.702128e+02
1.702128e+02
1.702128e+02
1.702128e+02
1.702128e+02
1.702128e+02
1.702128e+02
1.739130e+02
1.739130e+02
1.739130e+02
1.739130e+02
1.739130e+02
1.777778e+02
1.777778e+02
1.777778e+02
1.777778e+02
1.777778e+02
1.777778e+02
1.777778e+02
1.777778e+02
1.777778e+02
0.000000e+00
0.000000e+00
0.000000e+00
0.000000e+00
0.000000e+00
0.000000e+00
0.000000e+00
0.000000e+00
0.000000e+00
0.000000e+00
0.000000e+00
1.568627e+02
1.568627e+02
1.600000e+02
1.568627e+02
1.568627e+02
1.568627e+02
1.568627e+02
1.568627e+02
1.568627e+02
1.568627e+02
1.568627e+02
1.568627e+02
1.568627e+02
1.538462e+02
1.538462e+02
1.538462e+02
0.000000e+00
0.000000e+00
0.000000e+00
0.000000e+00
0.000000e+00
0.000000e+00
0.000000e+00
0.000000e+00
0.000000e+00
0.000000e+00
0.000000e+00
0.000000e+00
0.000000e+00
