0.000000e+00
0.000000e+00
0.000000e+00
0.000000e+00
0.000000e+00
0.000000e+00
0.000000e+00
0.000000e+00
0.000000e+00
0.000000e+00
0.000000e+00
0.000000e+00
0.000000e+00
0.000000e+00
0.000000e+00
0.000000e+00
0.000000e+00
0.000000e+00
0.000000e+00
0.000000e+00
0.000000e+00
0.000000e+00
0.000000e+00
0.000000e+00
0.000000e+00
0.000000e+00
0.000000e+00
0.000000e+00
0.000000e+00
0.000000e+00
0.000000e+00
0.000000e+00
0.000000e+00
0.000000e+00
0.000000e+00
0.000000e+00
0.000000e+00
0.000000e+00
0.000000e+00
0.000000e+00
0.000000e+00
0.000000e+00
0.000000e+00
0.000000e+00
0.000000e+00
0.000000e+00
0.000000e+00
0.000000e+00
0.000000e+00
0.000000e+00
0.000000e+00
0.000000e+00
0.000000e+00
0.000000e+00
0.000000e+00
0.000000e+00
0.000000e+00
0.000000e+00
0.000000e+00
0.000000e+00
0.000000e+00
1.481481e+02
1.454545e+02
1.454545e+02
1.454545e+02
1.454545e+02
1.454545e+02
1.428571e+02
1.428571e+02
1.428571e+02
1.428571e+02
1.416040e+02
1.403509e+02
1.379310e+02
0.000000e+00
0.000000e+00
0.000000e+00
0.000000e+00
0.000000e+00
0.000000e+00
0.000000e+00
0.000000e+00
0.000000e+00
0.000000e+00
0.000000e+00
0.000000e+00
0.000000e+00
0.000000e+00
1.126761e+02
1.126761e+02
1.052632e+02
1.066667e+02
1.066667e+02
1.066667e+02
1.052632e+02
1.052632e+02
1.052632e+02
1.052632e+02
1.212121e+02
1.221445e+02
1.230769e+02
1.240385e+02
1.250000e+02
1.269841e+02
1.269841e+02
1.269841e+02
1.269841e+02
1.269841e+02
1.250000e+02
1.250000e+02
1.250000e+02
1.250000e+02
1.269841e+02
1.212121e+02
1.212121e+02
1.212121e+02
1.212121e+02
1.212121e+02
1.194030e+02
1.194030e+02
1.194030e+02
1.194030e+02
1.194030e+02
1.194030e+02
1.194030e+02
1.176471e+02
1.176471e+02
1.176471e+02
1.176471e+02
1.176471e+02
1.176471e+02
1.176471e+02
1.159420e+02
1.159420e+02
1.159420e+02
1.176471e+02
1.176471e+02
1.176471e+02
1.176471e+02
1.176471e+02
1.176471e+02
1.176471e+02
1.176471e+02
1.176471e+02
5.882353e+01
5.882353e+01
5.839416e+01
5.839416e+01
1.159420e+02
1.159420e+02
1.159420e+02
1.159420e+02
1.159420e+02
1.159420e+02
1.159420e+02
1.159420e+02
1.159420e+02
1.159420e+02
1.176471e+02
1.176471e+02
1.194030e+02
1.194030e+02
1.194030e+02
1.194030e+02
1.212121e+02
1.212121e+02
1.212121e+02
1.212121e+02
1.212121e+02
1.212121e+02
1.212121e+02
1.212121e+02
1.230769e+02
1.230769e+02
1.230769e+02
1.230769e+02
1.250000e+02
1.250000e+02
1.250000e+02
1.230769e+02
1.230769e+02
1.230769e+02
1.230769e+02
1.212121e+02
1.212121e+02
1.212121e+02
1.212121e+02
1.212121e+02
1.212121e+02
1.212121e+02
1.212121e+02
1.212121e+02
1.212121e+02
1.212121e+02
1.212121e+02
1.212121e+02
1.212121e+02
1.194030e+02
1.194030e+02
1.212121e+02
1.212121e+02
1.212121e+02
0.000000e+00
0.000000e+00
0.000000e+00
0.000000e+00
0.000000e+00
0.000000e+00
0.000000e+00
0.000000e+00
0.000000e+00
0.000000e+00
0.000000e+00
0.000000e+00
0.000000e+00
0.000000e+00
0.000000e+00
0.000000e+00
0.000000e+00
0.000000e+00
0.000000e+00
0.000000e+00
0.000000e+00
0.000000e+00
0.000000e+00
0.000000e+00
0.000000e+00
0.000000e+00
0.000000e+00
0.000000e+00
0.000000e+00
0.000000e+00
0.000000e+00
0.000000e+00
0.000000e+00
0.000000e+00
0.000000e+00
0.000000e+00
0.000000e+00
0.000000e+00
0.000000e+00
0.000000e+00
0.000000e+00
0.000000e+00
0.000000e+00
0.000000e+00
0.000000e+00
1.212121e+02
1.212121e+02
1.212121e+02
1.212121e+02
1.212121e+02
1.230769e+02
1.230769e+02
1.230769e+02
1.212121e+02
1.212121e+02
1.212121e+02
1.212121e+02
1.212121e+02
1.212121e+02
1.212121e+02
1.212121e+02
1.194030e+02
1.194030e+02
1.194030e+02
1.194030e+02
1.212121e+02
1.194030e+02
1.212121e+02
1.212121e+02
1.212121e+02
1.212121e+02
1.212121e+02
1.212121e+02
1.212121e+02
1.194030e+02
1.194030e+02
1.194030e+02
1.194030e+02
1.194030e+02
1.194030e+02
1.194030e+02
1.194030e+02
1.194030e+02
1.194030e+02
1.194030e+02
1.194030e+02
1.194030e+02
1.194030e+02
1.194030e+02
1.194030e+02
1.194030e+02
1.194030e+02
1.194030e+02
1.194030e+02
1.194030e+02
1.194030e+02
1.194030e+02
1.194030e+02
1.194030e+02
1.194030e+02
1.194030e+02
1.194030e+02
1.176471e+02
1.176471e+02
1.176471e+02
1.176471e+02
1.176471e+02
1.176471e+02
1.176471e+02
1.176471e+02
1.176471e+02
1.176471e+02
1.176471e+02
0.000000e+00
0.000000e+00
0.000000e+00
0.000000e+00
0.000000e+00
0.000000e+00
0.000000e+00
0.000000e+00
0.000000e+00
0.000000e+00
0.000000e+00
0.000000e+00
0.000000e+00
0.000000e+00
0.000000e+00
0.000000e+00
0.000000e+00
0.000000e+00
0.000000e+00
0.000000e+00
0.000000e+00
0.000000e+00
0.000000e+00
0.000000e+00
0.000000e+00
0.000000e+00
0.000000e+00
0.000000e+00
0.000000e+00
0.000000e+00
0.000000e+00
0.000000e+00
0.000000e+00
0.000000e+00
0.000000e+00
0.000000e+00
0.000000e+00
0.000000e+00
0.000000e+00
0.000000e+00
0.000000e+00
0.000000e+00
0.000000e+00
0.000000e+00
0.000000e+00
0.000000e+00
0.000000e+00
0.000000e+00
0.000000e+00
0.000000e+00
0.000000e+00
0.000000e+00
0.000000e+00
0.000000e+00
0.000000e+00
0.000000e+00
0.000000e+00
0.000000e+00
0.000000e+00
0.000000e+00
0.000000e+00
0.000000e+00
0.000000e+00
0.000000e+00
0.000000e+00
0.000000e+00
