0.000000e+00
0.000000e+00
0.000000e+00
0.000000e+00
0.000000e+00
0.000000e+00
0.000000e+00
0.000000e+00
0.000000e+00
0.000000e+00
0.000000e+00
0.000000e+00
0.000000e+00
0.000000e+00
0.000000e+00
1.454545e+02
1.454545e+02
1.454545e+02
1.454545e+02
1.454545e+02
1.454545e+02
1.454545e+02
1.454545e+02
1.454545e+02
1.454545e+02
1.454545e+02
1.454545e+02
1.428571e+02
1.428571e+02
1.403509e+02
1.428571e+02
0.000000e+00
0.000000e+00
0.000000e+00
0.000000e+00
0.000000e+00
0.000000e+00
0.000000e+00
0.000000e+00
0.000000e+00
0.000000e+00
0.000000e+00
0.000000e+00
0.000000e+00
0.000000e+00
0.000000e+00
0.000000e+00
0.000000e+00
0.000000e+00
0.000000e+00
0.000000e+00
0.000000e+00
0.000000e+00
0.000000e+00
0.000000e+00
0.000000e+00
0.000000e+00
0.000000e+00
0.000000e+00
0.000000e+00
0.000000e+00
0.000000e+00
0.000000e+00
1.355932e+02
1.355932e+02
1.355932e+02
1.355932e+02
1.355932e+02
1.355932e+02
1.355932e+02
1.355932e+02
1.355932e+02
1.355932e+02
1.333333e+02
1.333333e+02
1.355932e+02
1.355932e+02
1.333333e+02
1.333333e+02
1.333333e+02
1.333333e+02
1.333333e+02
1.333333e+02
1.333333e+02
1.333333e+02
1.333333e+02
1.333333e+02
1.333333e+02
0.000000e+00
0.000000e+00
0.000000e+00
0.000000e+00
0.000000e+00
0.000000e+00
0.000000e+00
0.000000e+00
0.000000e+00
0.000000e+00
0.000000e+00
0.000000e+00
0.000000e+00
0.000000e+00
0.000000e+00
0.000000e+00
0.000000e+00
0.000000e+00
0.000000e+00
0.000000e+00
0.000000e+00
0.000000e+00
0.000000e+00
0.000000e+00
0.000000e+00
0.000000e+00
0.000000e+00
0.000000e+00
0.000000e+00
0.000000e+00
0.000000e+00
0.000000e+00
0.000000e+00
0.000000e+00
0.000000e+00
0.000000e+00
0.000000e+00
0.000000e+00
0.000000e+00
0.000000e+00
0.000000e+00
0.000000e+00
0.000000e+00
0.000000e+00
1.355932e+02
1.355932e+02
1.333333e+02
1.333333e+02
1.333333e+02
1.333333e+02
1.333333e+02
1.355932e+02
1.355932e+02
1.355932e+02
1.379310e+02
1.379310e+02
1.379310e+02
1.379310e+02
1.379310e+02
1.379310e+02
1.379310e+02
1.379310e+02
1.355932e+02
1.355932e+02
1.355932e+02
1.355932e+02
1.333333e+02
1.333333e+02
0.000000e+00
0.000000e+00
0.000000e+00
0.000000e+00
0.000000e+00
0.000000e+00
0.000000e+00
1.111111e+02
1.095890e+02
1.095890e+02
1.095890e+02
1.081081e+02
1.081081e+02
1.081081e+02
1.081081e+02
1.081081e+02
1.081081e+02
1.081081e+02
1.081081e+02
1.081081e+02
1.081081e+02
1.081081e+02
1.081081e+02
1.081081e+02
1.081081e+02
1.081081e+02
1.095890e+02
1.081081e+02
1.081081e+02
1.081081e+02
0.000000e+00
0.000000e+00
0.000000e+00
0.000000e+00
0.000000e+00
0.000000e+00
0.000000e+00
0.000000e+00
0.000000e+00
0.000000e+00
0.000000e+00
0.000000e+00
0.000000e+00
0.000000e+00
0.000000e+00
0.000000e+00
0.000000e+00
0.000000e+00
0.000000e+00
0.000000e+00
0.000000e+00
0.000000e+00
0.000000e+00
0.000000e+00
0.000000e+00
0.000000e+00
0.000000e+00
0.000000e+00
0.000000e+00
0.000000e+00
0.000000e+00
0.000000e+00
0.000000e+00
0.000000e+00
0.000000e+00
0.000000e+00
0.000000e+00
0.000000e+00
0.000000e+00
0.000000e+00
0.000000e+00
0.000000e+00
0.000000e+00
0.000000e+00
0.000000e+00
0.000000e+00
0.000000e+00
0.000000e+00
0.000000e+00
0.000000e+00
0.000000e+00
0.000000e+00
0.000000e+00
0.000000e+00
0.000000e+00
0.000000e+00
0.000000e+00
0.000000e+00
0.000000e+00
0.000000e+00
0.000000e+00
0.000000e+00
0.000000e+00
0.000000e+00
0.000000e+00
0.000000e+00
0.000000e+00
0.000000e+00
0.000000e+00
0.000000e+00
0.000000e+00
0.000000e+00
0.000000e+00
0.000000e+00
0.000000e+00
0.000000e+00
0.000000e+00
0.000000e+00
0.000000e+00
0.000000e+00
0.000000e+00
0.000000e+00
0.000000e+00
0.000000e+00
0.000000e+00
0.000000e+00
0.000000e+00
0.000000e+00
0.000000e+00
0.000000e+00
0.000000e+00
0.000000e+00
0.000000e+00
1.081081e+02
1.081081e+02
1.081081e+02
0.000000e+00
0.000000e+00
0.000000e+00
0.000000e+00
0.000000e+00
5.442177e+01
5.442177e+01
5.442177e+01
5.673759e+01
5.673759e+01
6.250000e+01
5.970149e+01
5.970149e+01
5.970149e+01
6.250000e+01
6.250000e+01
6.250000e+01
6.250000e+01
6.250000e+01
6.250000e+01
0.000000e+00
0.000000e+00
0.000000e+00
1.454545e+02
1.454545e+02
1.454545e+02
1.454545e+02
1.454545e+02
1.454545e+02
1.454545e+02
1.454545e+02
1.481481e+02
1.481481e+02
1.481481e+02
1.454545e+02
1.454545e+02
1.454545e+02
1.454545e+02
1.454545e+02
1.454545e+02
1.428571e+02
0.000000e+00
0.000000e+00
0.000000e+00
0.000000e+00
0.000000e+00
0.000000e+00
0.000000e+00
0.000000e+00
0.000000e+00
0.000000e+00
0.000000e+00
0.000000e+00
0.000000e+00
0.000000e+00
1.052632e+02
1.052632e+02
1.052632e+02
1.052632e+02
1.052632e+02
1.052632e+02
1.052632e+02
1.025641e+02
1.012658e+02
1.000000e+02
1.000000e+02
9.876543e+01
9.876543e+01
9.876543e+01
9.876543e+01
9.876543e+01
9.876543e+01
9.876543e+01
9.876543e+01
1.000317e+02
1.012979e+02
1.025641e+02
1.025641e+02
1.025641e+02
1.025641e+02
1.025641e+02
1.025641e+02
1.025641e+02
1.025641e+02
1.038961e+02
1.038961e+02
1.038961e+02
1.038961e+02
1.038961e+02
1.038961e+02
1.038961e+02
1.038961e+02
1.038961e+02
1.038961e+02
1.038961e+02
1.052632e+02
1.052632e+02
1.052632e+02
1.052632e+02
1.052632e+02
1.052632e+02
1.066667e+02
1.095890e+02
1.111111e+02
1.111111e+02
1.111111e+02
1.111111e+02
1.111111e+02
1.111111e+02
1.111111e+02
0.000000e+00
0.000000e+00
0.000000e+00
0.000000e+00
0.000000e+00
0.000000e+00
0.000000e+00
0.000000e+00
0.000000e+00
0.000000e+00
0.000000e+00
0.000000e+00
0.000000e+00
0.000000e+00
0.000000e+00
0.000000e+00
0.000000e+00
0.000000e+00
0.000000e+00
0.000000e+00
0.000000e+00
0.000000e+00
0.000000e+00
0.000000e+00
0.000000e+00
0.000000e+00
0.000000e+00
0.000000e+00
0.000000e+00
0.000000e+00
0.000000e+00
0.000000e+00
0.000000e+00
0.000000e+00
0.000000e+00
0.000000e+00
0.000000e+00
0.000000e+00
0.000000e+00
0.000000e+00
0.000000e+00
0.000000e+00
0.000000e+00
0.000000e+00
0.000000e+00
0.000000e+00
0.000000e+00
0.000000e+00
0.000000e+00
0.000000e+00
0.000000e+00
0.000000e+00
0.000000e+00
0.000000e+00
0.000000e+00
0.000000e+00
0.000000e+00
0.000000e+00
0.000000e+00
0.000000e+00
0.000000e+00
0.000000e+00
0.000000e+00
0.000000e+00
0.000000e+00
0.000000e+00
0.000000e+00
0.000000e+00
0.000000e+00
0.000000e+00
0.000000e+00
0.000000e+00
0.000000e+00
1.379310e+02
1.379310e+02
1.379310e+02
1.379310e+02
1.379310e+02
1.403509e+02
1.403509e+02
1.403509e+02
1.403509e+02
1.403509e+02
1.403509e+02
1.403509e+02
1.403509e+02
1.403509e+02
1.403509e+02
1.403509e+02
1.379310e+02
1.379310e+02
1.379310e+02
1.379310e+02
1.379310e+02
1.379310e+02
1.379310e+02
1.379310e+02
1.403509e+02
1.403509e+02
1.403509e+02
1.403509e+02
1.403509e+02
1.379310e+02
1.403509e+02
1.379310e+02
1.379310e+02
1.379310e+02
1.379310e+02
1.379310e+02
1.379310e+02
1.379310e+02
1.379310e+02
1.379310e+02
1.379310e+02
1.379310e+02
1.379310e+02
1.379310e+02
1.379310e+02
1.379310e+02
1.379310e+02
0.000000e+00
0.000000e+00
0.000000e+00
0.000000e+00
0.000000e+00
0.000000e+00
0.000000e+00
0.000000e+00
0.000000e+00
0.000000e+00
0.000000e+00
0.000000e+00
0.000000e+00
0.000000e+00
0.000000e+00
0.000000e+00
0.000000e+00
0.000000e+00
0.000000e+00
0.000000e+00
0.000000e+00
0.000000e+00
0.000000e+00
0.000000e+00
0.000000e+00
0.000000e+00
0.000000e+00
0.000000e+00
0.000000e+00
0.000000e+00
0.000000e+00
0.000000e+00
0.000000e+00
0.000000e+00
6.400000e+01
6.400000e+01
6.400000e+01
6.451613e+01
6.451613e+01
6.451613e+01
6.451613e+01
6.451613e+01
6.504065e+01
0.000000e+00
0.000000e+00
0.000000e+00
0.000000e+00
0.000000e+00
0.000000e+00
0.000000e+00
0.000000e+00
0.000000e+00
0.000000e+00
0.000000e+00
0.000000e+00
0.000000e+00
0.000000e+00
0.000000e+00
0.000000e+00
0.000000e+00
0.000000e+00
0.000000e+00
0.000000e+00
0.000000e+00
0.000000e+00
0.000000e+00
0.000000e+00
0.000000e+00
0.000000e+00
0.000000e+00
0.000000e+00
0.000000e+00
0.000000e+00
0.000000e+00
0.000000e+00
0.000000e+00
0.000000e+00
0.000000e+00
0.000000e+00
0.000000e+00
0.000000e+00
0.000000e+00
0.000000e+00
0.000000e+00
0.000000e+00
0.000000e+00
0.000000e+00
0.000000e+00
0.000000e+00
0.000000e+00
0.000000e+00
0.000000e+00
0.000000e+00
0.000000e+00
0.000000e+00
0.000000e+00
0.000000e+00
0.000000e+00
0.000000e+00
0.000000e+00
0.000000e+00
0.000000e+00
0.000000e+00
0.000000e+00
0.000000e+00
0.000000e+00
0.000000e+00
0.000000e+00
0.000000e+00
0.000000e+00
0.000000e+00
0.000000e+00
0.000000e+00
0.000000e+00
0.000000e+00
0.000000e+00
0.000000e+00
0.000000e+00
0.000000e+00
0.000000e+00
0.000000e+00
0.000000e+00
0.000000e+00
0.000000e+00
0.000000e+00
0.000000e+00
0.000000e+00
0.000000e+00
0.000000e+00
0.000000e+00
0.000000e+00
