0.000000e+00
0.000000e+00
0.000000e+00
0.000000e+00
0.000000e+00
0.000000e+00
0.000000e+00
0.000000e+00
0.000000e+00
0.000000e+00
0.000000e+00
0.000000e+00
0.000000e+00
0.000000e+00
0.000000e+00
0.000000e+00
0.000000e+00
0.000000e+00
0.000000e+00
0.000000e+00
0.000000e+00
0.000000e+00
0.000000e+00
0.000000e+00
0.000000e+00
0.000000e+00
0.000000e+00
0.000000e+00
0.000000e+00
0.000000e+00
0.000000e+00
0.000000e+00
0.000000e+00
0.000000e+00
0.000000e+00
0.000000e+00
0.000000e+00
0.000000e+00
0.000000e+00
0.000000e+00
0.000000e+00
0.000000e+00
0.000000e+00
0.000000e+00
0.000000e+00
0.000000e+00
0.000000e+00
0.000000e+00
2.962963e+02
2.962963e+02
2.962963e+02
2.962963e+02
2.962963e+02
2.857143e+02
2.857143e+02
2.857143e+02
2.857143e+02
2.758621e+02
2.758621e+02
2.758621e+02
2.666667e+02
2.666667e+02
2.666667e+02
2.666667e+02
2.580645e+02
2.580645e+02
2.580645e+02
2.580645e+02
2.580645e+02
2.580645e+02
2.580645e+02
2.580645e+02
2.580645e+02
2.580645e+02
2.580645e+02
2.580645e+02
2.580645e+02
2.580645e+02
2.580645e+02
2.580645e+02
2.580645e+02
2.580645e+02
2.580645e+02
2.580645e+02
2.580645e+02
2.580645e+02
2.580645e+02
2.580645e+02
2.580645e+02
2.580645e+02
2.580645e+02
2.580645e+02
2.580645e+02
2.580645e+02
2.580645e+02
2.580645e+02
2.580645e+02
2.580645e+02
0.000000e+00
0.000000e+00
0.000000e+00
0.000000e+00
0.000000e+00
0.000000e+00
0.000000e+00
0.000000e+00
0.000000e+00
0.000000e+00
0.000000e+00
0.000000e+00
0.000000e+00
0.000000e+00
0.000000e+00
0.000000e+00
0.000000e+00
0.000000e+00
0.000000e+00
0.000000e+00
0.000000e+00
0.000000e+00
0.000000e+00
0.000000e+00
0.000000e+00
0.000000e+00
0.000000e+00
0.000000e+00
0.000000e+00
0.000000e+00
0.000000e+00
0.000000e+00
0.000000e+00
0.000000e+00
0.000000e+00
0.000000e+00
0.000000e+00
0.000000e+00
0.000000e+00
0.000000e+00
0.000000e+00
0.000000e+00
0.000000e+00
0.000000e+00
0.000000e+00
0.000000e+00
0.000000e+00
0.000000e+00
0.000000e+00
0.000000e+00
0.000000e+00
0.000000e+00
0.000000e+00
0.000000e+00
0.000000e+00
0.000000e+00
0.000000e+00
0.000000e+00
0.000000e+00
0.000000e+00
0.000000e+00
0.000000e+00
0.000000e+00
0.000000e+00
0.000000e+00
0.000000e+00
0.000000e+00
0.000000e+00
0.000000e+00
0.000000e+00
0.000000e+00
0.000000e+00
0.000000e+00
0.000000e+00
0.000000e+00
0.000000e+00
0.000000e+00
0.000000e+00
0.000000e+00
0.000000e+00
0.000000e+00
0.000000e+00
0.000000e+00
0.000000e+00
0.000000e+00
0.000000e+00
0.000000e+00
0.000000e+00
0.000000e+00
0.000000e+00
0.000000e+00
0.000000e+00
0.000000e+00
0.000000e+00
0.000000e+00
0.000000e+00
0.000000e+00
0.000000e+00
0.000000e+00
0.000000e+00
0.000000e+00
0.000000e+00
0.000000e+00
0.000000e+00
0.000000e+00
0.000000e+00
0.000000e+00
0.000000e+00
0.000000e+00
0.000000e+00
0.000000e+00
0.000000e+00
0.000000e+00
0.000000e+00
0.000000e+00
0.000000e+00
0.000000e+00
0.000000e+00
0.000000e+00
0.000000e+00
0.000000e+00
0.000000e+00
0.000000e+00
0.000000e+00
0.000000e+00
0.000000e+00
0.000000e+00
0.000000e+00
0.000000e+00
0.000000e+00
0.000000e+00
0.000000e+00
0.000000e+00
0.000000e+00
0.000000e+00
0.000000e+00
0.000000e+00
0.000000e+00
0.000000e+00
0.000000e+00
0.000000e+00
0.000000e+00
0.000000e+00
0.000000e+00
0.000000e+00
0.000000e+00
0.000000e+00
0.000000e+00
0.000000e+00
0.000000e+00
0.000000e+00
0.000000e+00
0.000000e+00
0.000000e+00
0.000000e+00
0.000000e+00
0.000000e+00
0.000000e+00
0.000000e+00
0.000000e+00
0.000000e+00
0.000000e+00
0.000000e+00
0.000000e+00
0.000000e+00
0.000000e+00
0.000000e+00
0.000000e+00
0.000000e+00
0.000000e+00
0.000000e+00
0.000000e+00
0.000000e+00
0.000000e+00
0.000000e+00
0.000000e+00
0.000000e+00
0.000000e+00
0.000000e+00
0.000000e+00
0.000000e+00
0.000000e+00
0.000000e+00
0.000000e+00
0.000000e+00
0.000000e+00
0.000000e+00
0.000000e+00
0.000000e+00
0.000000e+00
0.000000e+00
0.000000e+00
0.000000e+00
0.000000e+00
0.000000e+00
0.000000e+00
0.000000e+00
0.000000e+00
0.000000e+00
0.000000e+00
0.000000e+00
0.000000e+00
0.000000e+00
0.000000e+00
0.000000e+00
0.000000e+00
0.000000e+00
1.702128e+02
1.702128e+02
1.702128e+02
1.702128e+02
1.702128e+02
1.702128e+02
1.702128e+02
1.702128e+02
1.702128e+02
1.702128e+02
1.702128e+02
1.702128e+02
1.702128e+02
1.702128e+02
1.702128e+02
1.702128e+02
0.000000e+00
0.000000e+00
0.000000e+00
0.000000e+00
0.000000e+00
0.000000e+00
0.000000e+00
0.000000e+00
0.000000e+00
0.000000e+00
0.000000e+00
0.000000e+00
0.000000e+00
0.000000e+00
0.000000e+00
0.000000e+00
0.000000e+00
0.000000e+00
0.000000e+00
0.000000e+00
0.000000e+00
0.000000e+00
0.000000e+00
0.000000e+00
0.000000e+00
0.000000e+00
0.000000e+00
0.000000e+00
0.000000e+00
0.000000e+00
0.000000e+00
0.000000e+00
0.000000e+00
0.000000e+00
0.000000e+00
0.000000e+00
0.000000e+00
0.000000e+00
0.000000e+00
0.000000e+00
0.000000e+00
0.000000e+00
0.000000e+00
0.000000e+00
0.000000e+00
0.000000e+00
0.000000e+00
0.000000e+00
0.000000e+00
0.000000e+00
2.758621e+02
2.758621e+02
2.758621e+02
2.666667e+02
2.666667e+02
2.666667e+02
2.666667e+02
2.580645e+02
2.580645e+02
2.580645e+02
2.580645e+02
2.580645e+02
2.580645e+02
2.500000e+02
2.500000e+02
2.500000e+02
2.500000e+02
2.500000e+02
2.500000e+02
2.500000e+02
2.500000e+02
2.500000e+02
2.500000e+02
1.230769e+02
1.230769e+02
1.230769e+02
1.230769e+02
1.230769e+02
2.500000e+02
2.500000e+02
2.500000e+02
2.500000e+02
2.500000e+02
2.580645e+02
2.580645e+02
2.580645e+02
2.580645e+02
0.000000e+00
0.000000e+00
0.000000e+00
0.000000e+00
0.000000e+00
0.000000e+00
0.000000e+00
0.000000e+00
0.000000e+00
0.000000e+00
0.000000e+00
0.000000e+00
0.000000e+00
0.000000e+00
0.000000e+00
0.000000e+00
0.000000e+00
0.000000e+00
0.000000e+00
0.000000e+00
0.000000e+00
0.000000e+00
0.000000e+00
0.000000e+00
0.000000e+00
0.000000e+00
0.000000e+00
0.000000e+00
0.000000e+00
0.000000e+00
0.000000e+00
0.000000e+00
0.000000e+00
0.000000e+00
0.000000e+00
0.000000e+00
0.000000e+00
0.000000e+00
0.000000e+00
0.000000e+00
0.000000e+00
0.000000e+00
0.000000e+00
0.000000e+00
0.000000e+00
0.000000e+00
0.000000e+00
0.000000e+00
0.000000e+00
0.000000e+00
2.666667e+02
2.666667e+02
2.666667e+02
2.580645e+02
2.580645e+02
2.580645e+02
2.580645e+02
2.580645e+02
2.580645e+02
2.580645e+02
2.580645e+02
2.580645e+02
2.580645e+02
2.500000e+02
2.500000e+02
2.500000e+02
1.269841e+02
1.269841e+02
1.269841e+02
1.269841e+02
1.269841e+02
1.269841e+02
0.000000e+00
0.000000e+00
0.000000e+00
0.000000e+00
2.580645e+02
2.580645e+02
2.580645e+02
2.580645e+02
2.580645e+02
2.580645e+02
2.580645e+02
2.580645e+02
2.580645e+02
2.580645e+02
2.580645e+02
2.580645e+02
2.580645e+02
2.580645e+02
2.580645e+02
2.580645e+02
2.580645e+02
2.580645e+02
2.580645e+02
2.580645e+02
2.666667e+02
2.666667e+02
2.666667e+02
2.666667e+02
2.666667e+02
2.666667e+02
2.758621e+02
2.758621e+02
2.758621e+02
2.758621e+02
2.758621e+02
2.857143e+02
2.857143e+02
2.857143e+02
2.857143e+02
0.000000e+00
0.000000e+00
0.000000e+00
0.000000e+00
0.000000e+00
0.000000e+00
0.000000e+00
0.000000e+00
0.000000e+00
0.000000e+00
0.000000e+00
0.000000e+00
0.000000e+00
0.000000e+00
0.000000e+00
0.000000e+00
0.000000e+00
