0.000000e+00
0.000000e+00
0.000000e+00
0.000000e+00
0.000000e+00
0.000000e+00
0.000000e+00
0.000000e+00
0.000000e+00
0.000000e+00
1.951219e+02
1.975610e+02
2.000000e+02
2.000000e+02
2.000000e+02
2.025641e+02
2.051282e+02
2.051282e+02
2.051282e+02
2.105263e+02
2.105263e+02
2.162162e+02
2.162162e+02
2.222222e+02
2.222222e+02
2.222222e+02
2.222222e+02
2.222222e+02
2.222222e+02
2.222222e+02
2.285714e+02
2.285714e+02
2.285714e+02
2.285714e+02
2.285714e+02
2.285714e+02
2.285714e+02
2.285714e+02
2.285714e+02
2.285714e+02
2.352941e+02
2.352941e+02
2.352941e+02
2.352941e+02
2.352941e+02
2.352941e+02
2.352941e+02
2.352941e+02
2.352941e+02
2.352941e+02
2.352941e+02
2.352941e+02
2.352941e+02
2.352941e+02
0.000000e+00
0.000000e+00
0.000000e+00
0.000000e+00
2.162162e+02
2.162162e+02
2.105263e+02
2.105263e+02
2.105263e+02
2.105263e+02
2.105263e+02
2.105263e+02
2.105263e+02
2.105263e+02
2.105263e+02
2.105263e+02
2.105263e+02
2.105263e+02
0.000000e+00
0.000000e+00
0.000000e+00
0.000000e+00
2.424242e+02
2.424242e+02
2.424242e+02
2.424242e+02
2.424242e+02
2.424242e+02
2.424242e+02
2.352941e+02
2.352941e+02
2.352941e+02
2.352941e+02
2.352941e+02
2.424242e+02
2.424242e+02
0.000000e+00
0.000000e+00
0.000000e+00
0.000000e+00
0.000000e+00
0.000000e+00
0.000000e+00
0.000000e+00
0.000000e+00
0.000000e+00
0.000000e+00
0.000000e+00
0.000000e+00
0.000000e+00
0.000000e+00
0.000000e+00
0.000000e+00
0.000000e+00
0.000000e+00
0.000000e+00
0.000000e+00
0.000000e+00
0.000000e+00
0.000000e+00
0.000000e+00
0.000000e+00
0.000000e+00
0.000000e+00
0.000000e+00
0.000000e+00
0.000000e+00
0.000000e+00
0.000000e+00
0.000000e+00
0.000000e+00
0.000000e+00
0.000000e+00
0.000000e+00
0.000000e+00
0.000000e+00
0.000000e+00
0.000000e+00
0.000000e+00
0.000000e+00
0.000000e+00
0.000000e+00
0.000000e+00
2.162162e+02
2.162162e+02
2.162162e+02
2.162162e+02
2.162162e+02
2.162162e+02
2.162162e+02
2.162162e+02
2.105263e+02
2.105263e+02
2.051282e+02
2.051282e+02
2.051282e+02
2.051282e+02
2.051282e+02
2.051282e+02
2.051282e+02
2.051282e+02
2.000000e+02
2.000000e+02
2.000000e+02
2.424242e+02
2.424242e+02
2.352941e+02
2.352941e+02
2.352941e+02
2.352941e+02
2.352941e+02
2.352941e+02
2.352941e+02
2.352941e+02
2.352941e+02
2.352941e+02
2.352941e+02
2.424242e+02
2.424242e+02
2.424242e+02
2.424242e+02
2.424242e+02
2.424242e+02
2.424242e+02
2.500000e+02
2.500000e+02
2.500000e+02
2.500000e+02
2.500000e+02
2.500000e+02
2.500000e+02
2.500000e+02
2.500000e+02
2.424242e+02
2.424242e+02
0.000000e+00
0.000000e+00
0.000000e+00
0.000000e+00
2.285714e+02
2.222222e+02
2.222222e+02
2.222222e+02
2.222222e+02
2.222222e+02
2.222222e+02
2.222222e+02
2.222222e+02
2.162162e+02
2.162162e+02
2.162162e+02
2.162162e+02
2.162162e+02
2.162162e+02
2.222222e+02
2.222222e+02
2.222222e+02
2.222222e+02
2.285714e+02
2.285714e+02
2.285714e+02
2.352941e+02
2.352941e+02
2.352941e+02
2.352941e+02
2.352941e+02
2.352941e+02
2.352941e+02
2.352941e+02
2.352941e+02
2.352941e+02
2.352941e+02
2.352941e+02
2.352941e+02
2.285714e+02
0.000000e+00
0.000000e+00
0.000000e+00
0.000000e+00
2.666667e+02
2.666667e+02
2.666667e+02
2.666667e+02
2.666667e+02
2.666667e+02
2.666667e+02
2.666667e+02
0.000000e+00
0.000000e+00
0.000000e+00
0.000000e+00
0.000000e+00
0.000000e+00
0.000000e+00
0.000000e+00
0.000000e+00
0.000000e+00
0.000000e+00
0.000000e+00
0.000000e+00
0.000000e+00
0.000000e+00
0.000000e+00
0.000000e+00
0.000000e+00
0.000000e+00
0.000000e+00
0.000000e+00
0.000000e+00
0.000000e+00
0.000000e+00
0.000000e+00
0.000000e+00
0.000000e+00
0.000000e+00
0.000000e+00
0.000000e+00
0.000000e+00
0.000000e+00
0.000000e+00
0.000000e+00
0.000000e+00
0.000000e+00
0.000000e+00
0.000000e+00
0.000000e+00
0.000000e+00
0.000000e+00
0.000000e+00
0.000000e+00
0.000000e+00
0.000000e+00
0.000000e+00
0.000000e+00
0.000000e+00
0.000000e+00
0.000000e+00
0.000000e+00
0.000000e+00
0.000000e+00
0.000000e+00
0.000000e+00
