2.000000e+02
2.000000e+02
2.000000e+02
2.000000e+02
2.000000e+02
2.000000e+02
2.000000e+02
2.000000e+02
0.000000e+00
0.000000e+00
0.000000e+00
0.000000e+00
0.000000e+00
0.000000e+00
0.000000e+00
0.000000e+00
0.000000e+00
0.000000e+00
0.000000e+00
0.000000e+00
0.000000e+00
0.000000e+00
0.000000e+00
0.000000e+00
0.000000e+00
0.000000e+00
0.000000e+00
0.000000e+00
0.000000e+00
0.000000e+00
0.000000e+00
0.000000e+00
0.000000e+00
0.000000e+00
0.000000e+00
0.000000e+00
0.000000e+00
0.000000e+00
0.000000e+00
0.000000e+00
0.000000e+00
0.000000e+00
0.000000e+00
0.000000e+00
0.000000e+00
0.000000e+00
0.000000e+00
0.000000e+00
0.000000e+00
0.000000e+00
0.000000e+00
0.000000e+00
0.000000e+00
0.000000e+00
0.000000e+00
0.000000e+00
0.000000e+00
0.000000e+00
0.000000e+00
0.000000e+00
0.000000e+00
0.000000e+00
0.000000e+00
0.000000e+00
0.000000e+00
0.000000e+00
0.000000e+00
0.000000e+00
0.000000e+00
0.000000e+00
0.000000e+00
0.000000e+00
0.000000e+00
0.000000e+00
0.000000e+00
0.000000e+00
0.000000e+00
0.000000e+00
0.000000e+00
1.666667e+02
1.702128e+02
1.666667e+02
1.666667e+02
1.666667e+02
1.666667e+02
1.666667e+02
1.666667e+02
1.666667e+02
1.666667e+02
1.666667e+02
1.666667e+02
0.000000e+00
0.000000e+00
0.000000e+00
0.000000e+00
0.000000e+00
0.000000e+00
0.000000e+00
0.000000e+00
0.000000e+00
0.000000e+00
0.000000e+00
0.000000e+00
0.000000e+00
0.000000e+00
0.000000e+00
0.000000e+00
0.000000e+00
0.000000e+00
0.000000e+00
0.000000e+00
0.000000e+00
0.000000e+00
0.000000e+00
0.000000e+00
0.000000e+00
0.000000e+00
0.000000e+00
0.000000e+00
0.000000e+00
0.000000e+00
0.000000e+00
0.000000e+00
0.000000e+00
0.000000e+00
0.000000e+00
0.000000e+00
0.000000e+00
0.000000e+00
0.000000e+00
0.000000e+00
0.000000e+00
0.000000e+00
0.000000e+00
0.000000e+00
0.000000e+00
0.000000e+00
0.000000e+00
0.000000e+00
0.000000e+00
0.000000e+00
0.000000e+00
0.000000e+00
0.000000e+00
0.000000e+00
0.000000e+00
0.000000e+00
0.000000e+00
0.000000e+00
0.000000e+00
2.105263e+02
2.105263e+02
2.105263e+02
2.105263e+02
2.105263e+02
2.105263e+02
2.105263e+02
2.105263e+02
2.105263e+02
0.000000e+00
0.000000e+00
0.000000e+00
0.000000e+00
0.000000e+00
0.000000e+00
0.000000e+00
0.000000e+00
0.000000e+00
0.000000e+00
0.000000e+00
0.000000e+00
0.000000e+00
0.000000e+00
0.000000e+00
0.000000e+00
0.000000e+00
0.000000e+00
0.000000e+00
0.000000e+00
0.000000e+00
0.000000e+00
0.000000e+00
0.000000e+00
0.000000e+00
0.000000e+00
0.000000e+00
0.000000e+00
0.000000e+00
0.000000e+00
0.000000e+00
0.000000e+00
0.000000e+00
0.000000e+00
0.000000e+00
0.000000e+00
0.000000e+00
0.000000e+00
0.000000e+00
0.000000e+00
0.000000e+00
0.000000e+00
1.777778e+02
1.777778e+02
1.777778e+02
1.739130e+02
1.739130e+02
1.739130e+02
1.777778e+02
1.777778e+02
1.777778e+02
1.777778e+02
1.777778e+02
1.777778e+02
1.777778e+02
1.777778e+02
1.777778e+02
1.777778e+02
1.777778e+02
1.777778e+02
1.818182e+02
1.818182e+02
1.818182e+02
1.818182e+02
1.818182e+02
0.000000e+00
0.000000e+00
0.000000e+00
0.000000e+00
0.000000e+00
0.000000e+00
1.860465e+02
1.860465e+02
1.860465e+02
1.818182e+02
1.818182e+02
1.818182e+02
1.818182e+02
1.818182e+02
1.818182e+02
1.818182e+02
1.818182e+02
1.777778e+02
1.777778e+02
1.739130e+02
1.739130e+02
1.739130e+02
1.739130e+02
1.720629e+02
1.702128e+02
1.702128e+02
1.702128e+02
1.702128e+02
1.702128e+02
1.702128e+02
1.702128e+02
0.000000e+00
2.051282e+02
2.051282e+02
2.000000e+02
2.000000e+02
2.000000e+02
2.000000e+02
2.000000e+02
2.000000e+02
2.000000e+02
2.000000e+02
2.000000e+02
2.000000e+02
2.000000e+02
2.000000e+02
2.000000e+02
2.000000e+02
2.000000e+02
0.000000e+00
0.000000e+00
0.000000e+00
2.162162e+02
2.162162e+02
2.162162e+02
2.162162e+02
2.162162e+02
2.105263e+02
2.105263e+02
2.105263e+02
2.105263e+02
2.105263e+02
2.105263e+02
2.105263e+02
2.105263e+02
2.105263e+02
2.105263e+02
2.105263e+02
2.105263e+02
0.000000e+00
0.000000e+00
0.000000e+00
0.000000e+00
0.000000e+00
0.000000e+00
0.000000e+00
0.000000e+00
0.000000e+00
0.000000e+00
0.000000e+00
0.000000e+00
