0.000000e+00
0.000000e+00
0.000000e+00
0.000000e+00
0.000000e+00
0.000000e+00
0.000000e+00
0.000000e+00
0.000000e+00
0.000000e+00
0.000000e+00
0.000000e+00
0.000000e+00
0.000000e+00
0.000000e+00
0.000000e+00
0.000000e+00
0.000000e+00
0.000000e+00
0.000000e+00
0.000000e+00
0.000000e+00
0.000000e+00
0.000000e+00
0.000000e+00
0.000000e+00
0.000000e+00
0.000000e+00
0.000000e+00
0.000000e+00
0.000000e+00
0.000000e+00
0.000000e+00
1.038961e+02
1.038961e+02
1.025641e+02
1.025641e+02
1.025641e+02
1.025641e+02
1.012658e+02
1.012658e+02
1.012658e+02
1.012658e+02
1.012658e+02
1.000000e+02
1.000000e+02
1.000000e+02
1.000000e+02
1.012658e+02
1.012658e+02
1.012658e+02
1.012658e+02
1.025641e+02
1.025641e+02
1.038961e+02
1.038961e+02
1.052632e+02
1.052632e+02
1.066667e+02
1.066667e+02
1.081081e+02
1.081081e+02
1.095890e+02
1.095890e+02
1.095890e+02
1.095890e+02
1.111111e+02
1.111111e+02
1.111111e+02
1.111111e+02
1.126761e+02
1.126761e+02
1.126761e+02
1.126761e+02
1.126761e+02
1.126761e+02
0.000000e+00
0.000000e+00
0.000000e+00
0.000000e+00
0.000000e+00
0.000000e+00
0.000000e+00
0.000000e+00
0.000000e+00
0.000000e+00
0.000000e+00
0.000000e+00
0.000000e+00
0.000000e+00
0.000000e+00
0.000000e+00
1.038961e+02
1.038961e+02
1.038961e+02
1.025641e+02
1.025641e+02
1.025641e+02
1.025641e+02
1.012658e+02
1.012658e+02
1.012658e+02
1.012658e+02
1.012658e+02
1.000000e+02
1.000000e+02
1.000000e+02
1.000000e+02
1.012658e+02
1.012658e+02
1.012658e+02
1.012658e+02
1.025641e+02
1.038961e+02
1.038961e+02
1.038961e+02
1.052632e+02
1.066667e+02
1.066667e+02
1.066667e+02
1.066667e+02
1.066667e+02
1.052632e+02
1.052632e+02
1.038961e+02
1.052632e+02
1.038961e+02
1.038961e+02
1.025641e+02
1.025641e+02
1.025641e+02
1.012658e+02
1.012658e+02
1.000000e+02
1.000000e+02
9.876543e+01
9.876543e+01
9.876543e+01
9.876543e+01
9.756097e+01
9.756097e+01
9.756097e+01
9.756097e+01
9.638554e+01
9.638554e+01
9.638554e+01
9.638554e+01
9.638554e+01
9.638554e+01
9.638554e+01
9.638554e+01
9.638554e+01
9.638554e+01
9.523810e+01
9.523810e+01
9.523810e+01
9.523810e+01
9.523810e+01
9.523810e+01
9.523810e+01
9.523810e+01
9.523810e+01
9.523810e+01
9.523810e+01
9.411765e+01
9.411765e+01
9.411765e+01
9.411765e+01
9.411765e+01
9.411765e+01
9.411765e+01
9.411765e+01
9.411765e+01
9.411765e+01
9.411765e+01
9.411765e+01
9.302325e+01
9.302325e+01
9.302325e+01
9.302325e+01
9.302325e+01
9.302325e+01
9.302325e+01
9.302325e+01
9.302325e+01
9.302325e+01
9.302325e+01
9.302325e+01
9.302325e+01
9.302325e+01
9.195403e+01
9.195403e+01
9.195403e+01
9.090909e+01
9.195403e+01
9.876543e+01
9.876543e+01
9.090909e+01
8.988764e+01
9.756097e+01
9.756097e+01
9.756097e+01
9.756097e+01
9.756097e+01
9.638554e+01
9.638554e+01
9.638554e+01
9.638554e+01
9.638554e+01
9.638554e+01
9.638554e+01
9.232720e+01
8.826887e+01
8.421053e+01
8.421053e+01
8.510638e+01
8.510638e+01
8.510638e+01
8.602151e+01
8.602151e+01
8.602151e+01
8.602151e+01
8.602151e+01
8.602151e+01
8.695652e+01
8.695652e+01
8.695652e+01
8.695652e+01
8.695652e+01
8.695652e+01
8.695652e+01
8.695652e+01
8.695652e+01
8.791209e+01
8.791209e+01
8.791209e+01
8.791209e+01
8.791209e+01
8.791209e+01
8.791209e+01
8.791209e+01
8.888889e+01
8.888889e+01
8.888889e+01
8.888889e+01
8.888889e+01
8.888889e+01
8.888889e+01
8.888889e+01
8.888889e+01
8.888889e+01
8.888889e+01
8.888889e+01
8.888889e+01
8.888889e+01
8.791209e+01
8.988764e+01
8.988764e+01
8.888889e+01
8.791209e+01
8.791209e+01
8.695652e+01
8.695652e+01
8.602151e+01
8.510638e+01
8.510638e+01
8.421053e+01
8.421053e+01
8.421053e+01
8.333334e+01
8.333334e+01
8.333334e+01
8.333334e+01
8.421053e+01
8.333334e+01
8.421053e+01
8.510638e+01
8.510638e+01
8.602151e+01
8.602151e+01
8.602151e+01
8.602151e+01
8.602151e+01
8.602151e+01
8.695652e+01
8.695652e+01
8.695652e+01
8.695652e+01
8.695652e+01
8.695652e+01
8.695652e+01
8.695652e+01
8.791209e+01
8.791209e+01
8.791209e+01
8.791209e+01
8.791209e+01
8.791209e+01
8.791209e+01
8.791209e+01
8.791209e+01
8.791209e+01
8.791209e+01
8.791209e+01
8.791209e+01
0.000000e+00
0.000000e+00
0.000000e+00
0.000000e+00
0.000000e+00
0.000000e+00
0.000000e+00
0.000000e+00
0.000000e+00
0.000000e+00
0.000000e+00
0.000000e+00
0.000000e+00
0.000000e+00
0.000000e+00
0.000000e+00
0.000000e+00
0.000000e+00
0.000000e+00
0.000000e+00
0.000000e+00
0.000000e+00
0.000000e+00
0.000000e+00
0.000000e+00
0.000000e+00
0.000000e+00
0.000000e+00
0.000000e+00
0.000000e+00
0.000000e+00
0.000000e+00
0.000000e+00
0.000000e+00
0.000000e+00
0.000000e+00
0.000000e+00
0.000000e+00
1.000000e+02
1.000000e+02
1.000000e+02
9.876543e+01
9.876543e+01
9.876543e+01
9.876543e+01
9.876543e+01
9.876543e+01
9.876543e+01
9.876543e+01
9.876543e+01
9.876543e+01
9.876543e+01
9.876543e+01
9.756097e+01
9.756097e+01
9.756097e+01
9.756097e+01
9.756097e+01
9.756097e+01
9.756097e+01
9.756097e+01
9.756097e+01
9.756097e+01
9.756097e+01
9.756097e+01
9.876543e+01
9.876543e+01
9.876543e+01
9.876543e+01
9.876543e+01
9.876543e+01
9.876543e+01
1.000000e+02
1.000000e+02
1.000000e+02
1.000000e+02
1.000000e+02
1.000000e+02
1.000000e+02
1.000000e+02
1.012658e+02
1.012658e+02
1.012658e+02
1.012658e+02
1.012658e+02
1.012658e+02
1.025641e+02
1.025641e+02
1.025641e+02
1.025641e+02
1.025641e+02
1.038961e+02
1.038961e+02
1.038961e+02
1.038961e+02
1.038961e+02
1.038961e+02
1.038961e+02
1.038961e+02
1.038961e+02
1.038961e+02
1.038961e+02
1.038961e+02
1.012658e+02
1.000000e+02
9.876543e+01
9.876543e+01
9.876543e+01
9.876543e+01
9.876543e+01
9.876543e+01
9.756097e+01
9.756097e+01
9.756097e+01
9.756097e+01
9.756097e+01
9.756097e+01
9.756097e+01
9.756097e+01
9.756097e+01
9.756097e+01
9.756097e+01
9.756097e+01
9.756097e+01
9.756097e+01
9.876543e+01
9.876543e+01
9.876543e+01
9.876543e+01
9.876543e+01
9.876543e+01
9.876543e+01
1.000000e+02
1.000000e+02
1.000000e+02
1.000000e+02
1.000000e+02
1.000000e+02
1.000000e+02
1.000000e+02
1.000000e+02
1.012658e+02
1.012658e+02
1.012658e+02
1.012658e+02
1.012658e+02
1.025641e+02
1.025641e+02
1.025641e+02
1.025641e+02
1.025641e+02
1.038961e+02
1.038961e+02
1.038961e+02
1.038961e+02
1.038961e+02
1.038961e+02
1.038961e+02
1.038961e+02
1.038961e+02
9.466090e+01
8.542568e+01
7.619048e+01
7.547169e+01
7.547169e+01
7.476636e+01
7.476636e+01
7.476636e+01
7.476636e+01
7.407407e+01
7.476636e+01
7.339449e+01
7.207207e+01
7.207207e+01
7.207207e+01
7.207207e+01
7.207207e+01
7.017544e+01
7.017544e+01
6.896552e+01
6.896552e+01
6.896552e+01
6.837607e+01
6.779661e+01
6.779661e+01
6.779661e+01
6.722689e+01
6.722689e+01
6.666666e+01
6.666666e+01
6.666666e+01
6.666666e+01
6.611570e+01
6.611570e+01
6.611570e+01
6.611570e+01
6.611570e+01
6.557377e+01
6.557377e+01
6.557377e+01
6.557377e+01
6.557377e+01
6.557377e+01
6.557377e+01
6.611570e+01
6.611570e+01
6.666666e+01
6.666666e+01
6.722689e+01
6.722689e+01
6.837607e+01
6.837607e+01
6.837607e+01
6.896552e+01
6.896552e+01
6.896552e+01
6.896552e+01
6.896552e+01
7.339449e+01
7.272727e+01
7.207207e+01
7.207207e+01
7.476636e+01
7.476636e+01
7.476636e+01
7.476636e+01
7.476636e+01
7.547169e+01
7.476636e+01
7.476636e+01
7.476636e+01
7.272727e+01
7.207207e+01
7.207207e+01
7.142857e+01
7.207207e+01
7.079646e+01
7.079646e+01
7.017544e+01
6.956522e+01
6.896552e+01
6.896552e+01
6.896552e+01
6.779661e+01
6.779661e+01
6.779661e+01
6.722689e+01
6.722689e+01
6.666666e+01
6.666666e+01
6.666666e+01
6.666666e+01
6.611570e+01
6.611570e+01
6.611570e+01
6.611570e+01
6.611570e+01
6.557377e+01
6.557377e+01
6.557377e+01
6.557377e+01
6.557377e+01
6.557377e+01
6.557377e+01
6.611570e+01
6.611570e+01
6.666666e+01
6.666666e+01
6.722689e+01
6.779661e+01
6.837607e+01
6.837607e+01
6.837607e+01
6.837607e+01
6.896552e+01
6.896552e+01
6.896552e+01
0.000000e+00
0.000000e+00
0.000000e+00
0.000000e+00
0.000000e+00
0.000000e+00
0.000000e+00
0.000000e+00
0.000000e+00
0.000000e+00
0.000000e+00
0.000000e+00
0.000000e+00
0.000000e+00
0.000000e+00
0.000000e+00
0.000000e+00
0.000000e+00
0.000000e+00
0.000000e+00
0.000000e+00
0.000000e+00
0.000000e+00
0.000000e+00
0.000000e+00
0.000000e+00
0.000000e+00
0.000000e+00
0.000000e+00
0.000000e+00
0.000000e+00
0.000000e+00
0.000000e+00
0.000000e+00
0.000000e+00
0.000000e+00
0.000000e+00
0.000000e+00
0.000000e+00
0.000000e+00
0.000000e+00
0.000000e+00
0.000000e+00
