1.355932e+02
1.355932e+02
1.355932e+02
1.333333e+02
1.333333e+02
1.333333e+02
1.333333e+02
1.333333e+02
1.355932e+02
1.355932e+02
1.355932e+02
1.355932e+02
1.355932e+02
1.509434e+02
1.509434e+02
1.538462e+02
1.538462e+02
1.568627e+02
1.568627e+02
1.538462e+02
1.538462e+02
1.538462e+02
1.538462e+02
0.000000e+00
0.000000e+00
0.000000e+00
0.000000e+00
0.000000e+00
0.000000e+00
0.000000e+00
0.000000e+00
0.000000e+00
0.000000e+00
0.000000e+00
0.000000e+00
0.000000e+00
0.000000e+00
0.000000e+00
0.000000e+00
0.000000e+00
0.000000e+00
0.000000e+00
0.000000e+00
0.000000e+00
0.000000e+00
0.000000e+00
0.000000e+00
0.000000e+00
0.000000e+00
0.000000e+00
0.000000e+00
2.962963e+02
2.962963e+02
2.962963e+02
2.962963e+02
2.962963e+02
2.962963e+02
2.962963e+02
2.962963e+02
2.962963e+02
2.962963e+02
2.962963e+02
2.962963e+02
2.962963e+02
2.962963e+02
2.962963e+02
2.962963e+02
0.000000e+00
0.000000e+00
0.000000e+00
0.000000e+00
0.000000e+00
0.000000e+00
0.000000e+00
0.000000e+00
0.000000e+00
0.000000e+00
0.000000e+00
0.000000e+00
0.000000e+00
0.000000e+00
0.000000e+00
0.000000e+00
0.000000e+00
0.000000e+00
0.000000e+00
0.000000e+00
0.000000e+00
0.000000e+00
0.000000e+00
0.000000e+00
0.000000e+00
0.000000e+00
0.000000e+00
0.000000e+00
0.000000e+00
0.000000e+00
0.000000e+00
0.000000e+00
0.000000e+00
0.000000e+00
0.000000e+00
0.000000e+00
0.000000e+00
0.000000e+00
0.000000e+00
0.000000e+00
0.000000e+00
0.000000e+00
0.000000e+00
0.000000e+00
0.000000e+00
1.290323e+02
1.269841e+02
1.269841e+02
1.269841e+02
1.269841e+02
1.269841e+02
1.269841e+02
1.269841e+02
1.269841e+02
1.269841e+02
1.269841e+02
1.269841e+02
1.269841e+02
1.269841e+02
1.269841e+02
0.000000e+00
0.000000e+00
0.000000e+00
0.000000e+00
0.000000e+00
1.355932e+02
1.355932e+02
1.355932e+02
1.355932e+02
1.355932e+02
1.367621e+02
1.379310e+02
1.391410e+02
1.403509e+02
1.416040e+02
1.428571e+02
1.428571e+02
1.428571e+02
1.428571e+02
1.428571e+02
1.428571e+02
1.428571e+02
1.428571e+02
1.428571e+02
1.428571e+02
1.428571e+02
1.428571e+02
0.000000e+00
0.000000e+00
0.000000e+00
0.000000e+00
0.000000e+00
0.000000e+00
0.000000e+00
0.000000e+00
0.000000e+00
0.000000e+00
1.355932e+02
1.355932e+02
1.355932e+02
1.344633e+02
1.333333e+02
1.333333e+02
1.333333e+02
1.333333e+02
1.333333e+02
1.368421e+02
1.403509e+02
1.379310e+02
1.379310e+02
1.379310e+02
1.355932e+02
1.355932e+02
1.379310e+02
1.379310e+02
1.379310e+02
1.379310e+02
1.379310e+02
1.379310e+02
1.379310e+02
1.403509e+02
1.403509e+02
1.403509e+02
1.428571e+02
1.428571e+02
1.428571e+02
1.428571e+02
1.428571e+02
1.475257e+02
1.521942e+02
1.568627e+02
1.568627e+02
1.568627e+02
1.568627e+02
1.568627e+02
1.568627e+02
1.568627e+02
1.600000e+02
1.600000e+02
1.632653e+02
1.632653e+02
1.632653e+02
1.666667e+02
1.666667e+02
1.666667e+02
1.702128e+02
1.739130e+02
1.739130e+02
1.777778e+02
1.777778e+02
1.777778e+02
1.777778e+02
1.777778e+02
0.000000e+00
0.000000e+00
0.000000e+00
0.000000e+00
0.000000e+00
0.000000e+00
0.000000e+00
0.000000e+00
0.000000e+00
0.000000e+00
0.000000e+00
0.000000e+00
0.000000e+00
0.000000e+00
0.000000e+00
0.000000e+00
0.000000e+00
0.000000e+00
0.000000e+00
0.000000e+00
0.000000e+00
0.000000e+00
0.000000e+00
0.000000e+00
0.000000e+00
0.000000e+00
0.000000e+00
0.000000e+00
0.000000e+00
0.000000e+00
0.000000e+00
0.000000e+00
0.000000e+00
0.000000e+00
0.000000e+00
0.000000e+00
0.000000e+00
0.000000e+00
0.000000e+00
0.000000e+00
0.000000e+00
0.000000e+00
0.000000e+00
1.176471e+02
1.176471e+02
1.176471e+02
1.176471e+02
1.176471e+02
1.159420e+02
1.081081e+02
1.081081e+02
1.066667e+02
1.066667e+02
1.066667e+02
1.066667e+02
1.066667e+02
1.066667e+02
1.066667e+02
1.066667e+02
1.066667e+02
1.066667e+02
1.066667e+02
1.066667e+02
1.081081e+02
1.081081e+02
1.081081e+02
1.081081e+02
1.095890e+02
1.095890e+02
1.095890e+02
1.095890e+02
1.095890e+02
1.095890e+02
1.095890e+02
1.081081e+02
1.095890e+02
1.095890e+02
1.095890e+02
1.081081e+02
1.081081e+02
1.095890e+02
1.081081e+02
1.066667e+02
0.000000e+00
0.000000e+00
0.000000e+00
0.000000e+00
0.000000e+00
0.000000e+00
