0.000000e+00
0.000000e+00
0.000000e+00
0.000000e+00
0.000000e+00
0.000000e+00
0.000000e+00
1.454545e+02
1.428571e+02
1.454545e+02
1.454545e+02
1.454545e+02
1.454545e+02
1.454545e+02
0.000000e+00
0.000000e+00
0.000000e+00
0.000000e+00
0.000000e+00
0.000000e+00
0.000000e+00
0.000000e+00
0.000000e+00
0.000000e+00
0.000000e+00
0.000000e+00
0.000000e+00
0.000000e+00
0.000000e+00
0.000000e+00
0.000000e+00
0.000000e+00
0.000000e+00
0.000000e+00
0.000000e+00
0.000000e+00
0.000000e+00
0.000000e+00
0.000000e+00
0.000000e+00
0.000000e+00
0.000000e+00
0.000000e+00
0.000000e+00
0.000000e+00
0.000000e+00
0.000000e+00
0.000000e+00
0.000000e+00
0.000000e+00
0.000000e+00
0.000000e+00
0.000000e+00
0.000000e+00
0.000000e+00
0.000000e+00
0.000000e+00
0.000000e+00
0.000000e+00
0.000000e+00
0.000000e+00
0.000000e+00
0.000000e+00
0.000000e+00
0.000000e+00
0.000000e+00
0.000000e+00
0.000000e+00
0.000000e+00
0.000000e+00
0.000000e+00
0.000000e+00
0.000000e+00
0.000000e+00
0.000000e+00
0.000000e+00
0.000000e+00
0.000000e+00
0.000000e+00
0.000000e+00
0.000000e+00
0.000000e+00
0.000000e+00
0.000000e+00
0.000000e+00
0.000000e+00
0.000000e+00
0.000000e+00
0.000000e+00
0.000000e+00
0.000000e+00
0.000000e+00
0.000000e+00
0.000000e+00
0.000000e+00
0.000000e+00
0.000000e+00
1.230769e+02
1.230769e+02
1.230769e+02
1.250000e+02
1.230769e+02
1.230769e+02
1.230769e+02
1.230769e+02
1.230769e+02
1.230769e+02
1.230769e+02
1.230769e+02
1.230769e+02
1.230769e+02
1.230769e+02
1.230769e+02
1.230769e+02
1.230769e+02
1.230769e+02
1.230769e+02
1.230769e+02
1.230769e+02
1.230769e+02
1.230769e+02
1.230769e+02
1.212121e+02
1.212121e+02
1.212121e+02
1.212121e+02
1.212121e+02
1.212121e+02
0.000000e+00
0.000000e+00
0.000000e+00
0.000000e+00
0.000000e+00
0.000000e+00
0.000000e+00
0.000000e+00
0.000000e+00
0.000000e+00
0.000000e+00
0.000000e+00
0.000000e+00
0.000000e+00
0.000000e+00
0.000000e+00
0.000000e+00
0.000000e+00
0.000000e+00
0.000000e+00
0.000000e+00
0.000000e+00
0.000000e+00
0.000000e+00
0.000000e+00
0.000000e+00
0.000000e+00
0.000000e+00
0.000000e+00
0.000000e+00
0.000000e+00
0.000000e+00
0.000000e+00
0.000000e+00
0.000000e+00
0.000000e+00
0.000000e+00
0.000000e+00
0.000000e+00
0.000000e+00
0.000000e+00
0.000000e+00
0.000000e+00
0.000000e+00
0.000000e+00
0.000000e+00
0.000000e+00
0.000000e+00
0.000000e+00
0.000000e+00
0.000000e+00
0.000000e+00
1.290323e+02
1.290323e+02
1.290323e+02
1.290323e+02
1.290323e+02
1.290323e+02
1.333333e+02
1.333333e+02
1.333333e+02
1.333333e+02
1.333333e+02
1.333333e+02
1.333333e+02
1.333333e+02
1.333333e+02
1.333333e+02
1.333333e+02
1.333333e+02
1.333333e+02
1.333333e+02
1.333333e+02
1.333333e+02
1.311475e+02
1.311475e+02
1.311475e+02
1.290323e+02
1.269841e+02
1.269841e+02
1.269841e+02
1.269841e+02
1.290323e+02
1.311475e+02
1.311475e+02
1.311475e+02
1.311475e+02
1.311475e+02
1.311475e+02
1.311475e+02
1.311475e+02
1.311475e+02
0.000000e+00
0.000000e+00
1.311475e+02
1.333333e+02
1.333333e+02
1.333333e+02
1.333333e+02
1.333333e+02
1.333333e+02
1.355932e+02
1.355932e+02
1.379310e+02
1.379310e+02
1.379310e+02
1.379310e+02
1.403509e+02
1.403509e+02
1.403509e+02
1.428571e+02
1.428571e+02
1.454545e+02
1.481481e+02
1.481481e+02
1.481481e+02
1.481481e+02
1.481481e+02
1.481481e+02
1.509434e+02
1.509434e+02
1.509434e+02
1.509434e+02
1.509434e+02
1.509434e+02
1.509434e+02
1.509434e+02
1.509434e+02
1.509434e+02
1.509434e+02
1.509434e+02
1.509434e+02
1.509434e+02
1.509434e+02
1.509434e+02
1.509434e+02
1.509434e+02
1.481481e+02
1.454545e+02
1.454545e+02
1.454545e+02
1.454545e+02
1.454545e+02
1.428571e+02
1.428571e+02
1.428571e+02
1.428571e+02
1.403509e+02
1.403509e+02
1.379310e+02
1.379310e+02
1.379310e+02
1.355932e+02
0.000000e+00
0.000000e+00
0.000000e+00
1.311475e+02
1.311475e+02
1.311475e+02
1.311475e+02
1.290658e+02
1.269841e+02
1.259921e+02
1.250000e+02
1.250000e+02
1.250000e+02
1.250000e+02
1.250000e+02
1.142857e+02
1.159420e+02
1.142857e+02
1.142857e+02
1.142857e+02
1.142857e+02
1.126761e+02
1.126761e+02
1.126761e+02
1.126761e+02
1.126761e+02
1.126761e+02
1.126761e+02
1.126761e+02
1.126761e+02
1.142857e+02
1.142857e+02
1.142857e+02
1.142857e+02
1.142857e+02
1.142857e+02
1.142857e+02
1.142857e+02
1.142857e+02
1.142857e+02
1.142857e+02
1.142857e+02
1.142857e+02
1.126761e+02
1.126761e+02
1.111111e+02
1.111111e+02
1.111111e+02
1.095890e+02
1.095890e+02
1.095890e+02
1.095890e+02
1.095890e+02
1.095890e+02
1.095890e+02
1.066667e+02
1.066667e+02
1.052632e+02
1.052632e+02
1.052632e+02
1.052632e+02
0.000000e+00
0.000000e+00
0.000000e+00
0.000000e+00
0.000000e+00
0.000000e+00
0.000000e+00
0.000000e+00
0.000000e+00
0.000000e+00
0.000000e+00
0.000000e+00
0.000000e+00
0.000000e+00
0.000000e+00
0.000000e+00
0.000000e+00
0.000000e+00
0.000000e+00
0.000000e+00
0.000000e+00
0.000000e+00
0.000000e+00
0.000000e+00
0.000000e+00
0.000000e+00
0.000000e+00
0.000000e+00
0.000000e+00
0.000000e+00
0.000000e+00
0.000000e+00
0.000000e+00
0.000000e+00
0.000000e+00
0.000000e+00
0.000000e+00
0.000000e+00
0.000000e+00
0.000000e+00
0.000000e+00
0.000000e+00
0.000000e+00
0.000000e+00
0.000000e+00
0.000000e+00
0.000000e+00
0.000000e+00
