7.272727e+01
7.272727e+01
7.272727e+01
7.272727e+01
7.272727e+01
7.272727e+01
7.272727e+01
7.272727e+01
7.272727e+01
7.272727e+01
7.272727e+01
7.272727e+01
7.272727e+01
7.339449e+01
7.339449e+01
7.339449e+01
7.339449e+01
7.339449e+01
7.407407e+01
7.407407e+01
7.407407e+01
7.407407e+01
7.407407e+01
7.476636e+01
7.476636e+01
7.476636e+01
7.547169e+01
7.547169e+01
7.547169e+01
7.619048e+01
7.619048e+01
7.619048e+01
7.619048e+01
7.619048e+01
7.619048e+01
7.619048e+01
7.619048e+01
7.619048e+01
7.619048e+01
7.692308e+01
7.692308e+01
7.692308e+01
7.692308e+01
7.692308e+01
7.692308e+01
7.692308e+01
7.692308e+01
7.619048e+01
7.619048e+01
7.619048e+01
7.619048e+01
7.619048e+01
7.619048e+01
7.619048e+01
7.619048e+01
7.619048e+01
7.619048e+01
7.619048e+01
7.547169e+01
7.547169e+01
7.547169e+01
7.547169e+01
7.547169e+01
7.476636e+01
7.476636e+01
7.476636e+01
7.407407e+01
7.407407e+01
7.339449e+01
7.272727e+01
7.272727e+01
7.207207e+01
7.207207e+01
7.142857e+01
7.142857e+01
7.079646e+01
7.079646e+01
7.079646e+01
7.017544e+01
6.956522e+01
6.896552e+01
6.837607e+01
6.779661e+01
6.837607e+01
6.722689e+01
6.666666e+01
6.722689e+01
6.722689e+01
6.611570e+01
6.722689e+01
6.722689e+01
6.400000e+01
6.722689e+01
6.561345e+01
6.400000e+01
6.374603e+01
6.349206e+01
6.349206e+01
6.349206e+01
6.349206e+01
6.535947e+01
6.722689e+01
6.722689e+01
6.722689e+01
0.000000e+00
0.000000e+00
0.000000e+00
0.000000e+00
0.000000e+00
0.000000e+00
0.000000e+00
0.000000e+00
0.000000e+00
0.000000e+00
0.000000e+00
0.000000e+00
0.000000e+00
0.000000e+00
0.000000e+00
0.000000e+00
0.000000e+00
0.000000e+00
0.000000e+00
0.000000e+00
0.000000e+00
0.000000e+00
0.000000e+00
0.000000e+00
0.000000e+00
0.000000e+00
0.000000e+00
0.000000e+00
0.000000e+00
0.000000e+00
0.000000e+00
0.000000e+00
0.000000e+00
0.000000e+00
0.000000e+00
0.000000e+00
0.000000e+00
0.000000e+00
0.000000e+00
0.000000e+00
0.000000e+00
0.000000e+00
0.000000e+00
0.000000e+00
0.000000e+00
0.000000e+00
0.000000e+00
0.000000e+00
0.000000e+00
0.000000e+00
8.988764e+01
8.988764e+01
8.988764e+01
8.988764e+01
8.988764e+01
8.988764e+01
8.988764e+01
8.888889e+01
8.888889e+01
8.888889e+01
8.888889e+01
8.888889e+01
8.888889e+01
8.888889e+01
8.888889e+01
8.888889e+01
8.888889e+01
8.988764e+01
8.988764e+01
8.988764e+01
9.090909e+01
9.090909e+01
9.090909e+01
9.195403e+01
9.195403e+01
9.195403e+01
9.302325e+01
9.302325e+01
9.302325e+01
9.411765e+01
9.411765e+01
9.523810e+01
9.523810e+01
9.638554e+01
9.638554e+01
9.756097e+01
9.756097e+01
9.876543e+01
9.876543e+01
1.000000e+02
1.000000e+02
1.012658e+02
1.012658e+02
1.025641e+02
1.025641e+02
1.038961e+02
1.038961e+02
1.038961e+02
1.052632e+02
1.052632e+02
1.066667e+02
1.066667e+02
1.066667e+02
1.081081e+02
1.081081e+02
1.095890e+02
1.095890e+02
1.095890e+02
1.111111e+02
1.111111e+02
1.111111e+02
1.111111e+02
1.126761e+02
1.126761e+02
1.126761e+02
1.126761e+02
1.142857e+02
1.142857e+02
1.142857e+02
1.142857e+02
1.142857e+02
0.000000e+00
0.000000e+00
0.000000e+00
0.000000e+00
0.000000e+00
0.000000e+00
0.000000e+00
0.000000e+00
0.000000e+00
0.000000e+00
0.000000e+00
0.000000e+00
0.000000e+00
0.000000e+00
0.000000e+00
0.000000e+00
0.000000e+00
0.000000e+00
0.000000e+00
0.000000e+00
0.000000e+00
0.000000e+00
0.000000e+00
0.000000e+00
0.000000e+00
0.000000e+00
0.000000e+00
0.000000e+00
0.000000e+00
0.000000e+00
0.000000e+00
0.000000e+00
0.000000e+00
0.000000e+00
0.000000e+00
0.000000e+00
0.000000e+00
0.000000e+00
0.000000e+00
0.000000e+00
0.000000e+00
0.000000e+00
0.000000e+00
0.000000e+00
0.000000e+00
0.000000e+00
0.000000e+00
0.000000e+00
0.000000e+00
0.000000e+00
0.000000e+00
0.000000e+00
0.000000e+00
0.000000e+00
0.000000e+00
0.000000e+00
0.000000e+00
0.000000e+00
0.000000e+00
0.000000e+00
0.000000e+00
0.000000e+00
0.000000e+00
0.000000e+00
0.000000e+00
0.000000e+00
0.000000e+00
0.000000e+00
0.000000e+00
0.000000e+00
0.000000e+00
0.000000e+00
0.000000e+00
0.000000e+00
0.000000e+00
0.000000e+00
0.000000e+00
0.000000e+00
0.000000e+00
0.000000e+00
0.000000e+00
0.000000e+00
0.000000e+00
0.000000e+00
0.000000e+00
0.000000e+00
0.000000e+00
0.000000e+00
0.000000e+00
0.000000e+00
0.000000e+00
0.000000e+00
0.000000e+00
0.000000e+00
0.000000e+00
0.000000e+00
0.000000e+00
0.000000e+00
0.000000e+00
0.000000e+00
0.000000e+00
0.000000e+00
0.000000e+00
0.000000e+00
0.000000e+00
0.000000e+00
0.000000e+00
0.000000e+00
0.000000e+00
0.000000e+00
0.000000e+00
0.000000e+00
0.000000e+00
0.000000e+00
0.000000e+00
0.000000e+00
0.000000e+00
0.000000e+00
0.000000e+00
0.000000e+00
0.000000e+00
0.000000e+00
0.000000e+00
0.000000e+00
0.000000e+00
0.000000e+00
0.000000e+00
0.000000e+00
0.000000e+00
0.000000e+00
0.000000e+00
9.876543e+01
9.876543e+01
1.000000e+02
1.000000e+02
1.000000e+02
1.000000e+02
1.000000e+02
1.000000e+02
1.000000e+02
0.000000e+00
0.000000e+00
0.000000e+00
0.000000e+00
1.538462e+02
1.509434e+02
1.509434e+02
1.509434e+02
1.509434e+02
1.509434e+02
1.509434e+02
1.509434e+02
1.509434e+02
1.509434e+02
1.509434e+02
1.509434e+02
1.509434e+02
1.509434e+02
1.509434e+02
1.509434e+02
1.509434e+02
1.509434e+02
1.509434e+02
1.509434e+02
1.509434e+02
1.509434e+02
1.509434e+02
1.509434e+02
1.509434e+02
1.509434e+02
1.509434e+02
1.509434e+02
1.509434e+02
1.509434e+02
1.509434e+02
1.509434e+02
1.509434e+02
1.509434e+02
1.509434e+02
1.509434e+02
1.509434e+02
1.509434e+02
1.509434e+02
1.509434e+02
1.509434e+02
1.509434e+02
1.509434e+02
1.509434e+02
1.509434e+02
1.509434e+02
1.509434e+02
1.509434e+02
1.509434e+02
1.509434e+02
1.509434e+02
1.509434e+02
1.509434e+02
1.509434e+02
1.509434e+02
1.509434e+02
1.509434e+02
1.481481e+02
1.481481e+02
1.481481e+02
1.481481e+02
1.481481e+02
1.481481e+02
1.481481e+02
1.481481e+02
1.481481e+02
1.481481e+02
1.481481e+02
1.481481e+02
1.481481e+02
1.481481e+02
1.481481e+02
1.454545e+02
1.454545e+02
1.454545e+02
1.454545e+02
1.454545e+02
1.454545e+02
1.454545e+02
1.454545e+02
1.454545e+02
1.454545e+02
1.454545e+02
1.454545e+02
1.454545e+02
1.428571e+02
1.428571e+02
1.428571e+02
1.428571e+02
1.428571e+02
1.428571e+02
1.428571e+02
1.428571e+02
1.403509e+02
1.403509e+02
1.403509e+02
1.403509e+02
1.403509e+02
1.379310e+02
1.379310e+02
1.379310e+02
1.379310e+02
1.379310e+02
1.355932e+02
1.355932e+02
1.355932e+02
1.355932e+02
1.333333e+02
1.333333e+02
1.333333e+02
1.333333e+02
1.311475e+02
1.311475e+02
1.311475e+02
1.290323e+02
1.290323e+02
1.290323e+02
1.269841e+02
1.269841e+02
1.250000e+02
1.230769e+02
1.230769e+02
1.230769e+02
1.212121e+02
1.194030e+02
1.194030e+02
1.194030e+02
1.176471e+02
1.176471e+02
1.159420e+02
1.159420e+02
1.142857e+02
1.142857e+02
1.142857e+02
1.126761e+02
1.126761e+02
1.126761e+02
1.126761e+02
1.111111e+02
1.111111e+02
1.111111e+02
1.111111e+02
1.095890e+02
1.095890e+02
1.095890e+02
1.095890e+02
1.095890e+02
1.081081e+02
1.081081e+02
1.081081e+02
1.081081e+02
1.081081e+02
1.081081e+02
1.081081e+02
1.081081e+02
1.081081e+02
1.081081e+02
1.081081e+02
1.081081e+02
1.081081e+02
1.081081e+02
1.081081e+02
1.081081e+02
1.081081e+02
1.081081e+02
1.081081e+02
1.081081e+02
1.081081e+02
1.081081e+02
1.081081e+02
1.081081e+02
1.081081e+02
1.081081e+02
1.081081e+02
1.081081e+02
1.081081e+02
1.081081e+02
1.081081e+02
1.081081e+02
1.081081e+02
1.081081e+02
1.081081e+02
1.081081e+02
1.081081e+02
1.081081e+02
1.081081e+02
1.081081e+02
1.081081e+02
1.081081e+02
1.081081e+02
1.081081e+02
1.081081e+02
1.081081e+02
1.081081e+02
1.081081e+02
1.081081e+02
1.081081e+02
1.081081e+02
1.081081e+02
1.081081e+02
1.081081e+02
1.081081e+02
1.081081e+02
1.081081e+02
1.081081e+02
1.081081e+02
1.081081e+02
1.081081e+02
1.081081e+02
1.081081e+02
1.081081e+02
1.081081e+02
1.081081e+02
1.081081e+02
1.081081e+02
1.081081e+02
1.081081e+02
1.095890e+02
1.095890e+02
1.095890e+02
1.095890e+02
1.095890e+02
1.095890e+02
1.095890e+02
1.095890e+02
1.095890e+02
1.095890e+02
1.095890e+02
1.095890e+02
1.081081e+02
1.081081e+02
1.081081e+02
1.081081e+02
1.081081e+02
1.081081e+02
1.081081e+02
1.081081e+02
1.081081e+02
1.081081e+02
1.081081e+02
1.066667e+02
1.081081e+02
1.081081e+02
1.081081e+02
1.081081e+02
1.081081e+02
1.081081e+02
1.081081e+02
1.081081e+02
1.081081e+02
1.081081e+02
1.081081e+02
1.081081e+02
1.081081e+02
1.081081e+02
1.081081e+02
1.081081e+02
1.081081e+02
1.081081e+02
1.081081e+02
1.081081e+02
1.081081e+02
1.081081e+02
1.081081e+02
1.081081e+02
1.081081e+02
1.081081e+02
1.081081e+02
1.081081e+02
1.095890e+02
1.095890e+02
1.081081e+02
