0.000000e+00
0.000000e+00
0.000000e+00
0.000000e+00
0.000000e+00
0.000000e+00
0.000000e+00
0.000000e+00
0.000000e+00
0.000000e+00
0.000000e+00
0.000000e+00
0.000000e+00
0.000000e+00
0.000000e+00
0.000000e+00
0.000000e+00
0.000000e+00
0.000000e+00
0.000000e+00
0.000000e+00
0.000000e+00
0.000000e+00
0.000000e+00
0.000000e+00
0.000000e+00
1.600000e+02
1.600000e+02
1.600000e+02
1.600000e+02
1.600000e+02
1.632653e+02
1.632653e+02
1.600000e+02
1.600000e+02
1.600000e+02
1.600000e+02
1.600000e+02
1.600000e+02
1.600000e+02
1.600000e+02
1.600000e+02
1.600000e+02
1.600000e+02
1.600000e+02
1.600000e+02
1.600000e+02
1.600000e+02
1.600000e+02
1.600000e+02
1.632653e+02
1.632653e+02
1.632653e+02
1.632653e+02
1.666667e+02
1.666667e+02
1.666667e+02
1.666667e+02
1.666667e+02
1.666667e+02
1.666667e+02
1.666667e+02
1.666667e+02
1.702128e+02
1.702128e+02
1.702128e+02
1.702128e+02
1.702128e+02
1.702128e+02
1.702128e+02
1.702128e+02
1.702128e+02
1.702128e+02
1.702128e+02
1.702128e+02
1.702128e+02
1.702128e+02
1.702128e+02
1.702128e+02
1.702128e+02
1.632653e+02
1.632653e+02
1.632653e+02
0.000000e+00
0.000000e+00
0.000000e+00
1.568627e+02
1.600000e+02
1.568627e+02
1.568627e+02
1.568627e+02
1.538462e+02
1.538462e+02
1.538462e+02
1.538462e+02
1.538462e+02
1.538462e+02
1.509434e+02
1.509434e+02
1.509434e+02
1.481481e+02
1.481481e+02
1.454545e+02
1.454545e+02
1.454545e+02
1.454545e+02
1.428571e+02
1.428571e+02
1.428571e+02
1.403509e+02
1.403509e+02
1.379310e+02
1.355932e+02
1.355932e+02
1.355932e+02
1.333333e+02
1.333333e+02
1.333333e+02
1.311475e+02
1.311475e+02
1.290323e+02
1.290323e+02
1.290323e+02
1.290323e+02
1.290323e+02
1.269841e+02
1.269841e+02
1.269841e+02
1.269841e+02
1.269841e+02
1.269841e+02
1.269841e+02
1.269841e+02
1.269841e+02
1.269841e+02
1.269841e+02
1.269841e+02
1.269841e+02
1.269841e+02
1.269841e+02
1.269841e+02
1.269841e+02
1.269841e+02
1.269841e+02
1.269841e+02
1.280082e+02
1.290323e+02
1.290323e+02
1.290323e+02
1.290323e+02
1.290323e+02
1.290323e+02
1.311475e+02
1.311475e+02
1.311475e+02
1.333333e+02
0.000000e+00
0.000000e+00
0.000000e+00
0.000000e+00
0.000000e+00
0.000000e+00
0.000000e+00
0.000000e+00
0.000000e+00
0.000000e+00
0.000000e+00
0.000000e+00
0.000000e+00
0.000000e+00
0.000000e+00
0.000000e+00
0.000000e+00
0.000000e+00
0.000000e+00
0.000000e+00
0.000000e+00
0.000000e+00
0.000000e+00
0.000000e+00
0.000000e+00
0.000000e+00
0.000000e+00
0.000000e+00
0.000000e+00
0.000000e+00
0.000000e+00
0.000000e+00
0.000000e+00
0.000000e+00
0.000000e+00
0.000000e+00
0.000000e+00
0.000000e+00
0.000000e+00
0.000000e+00
0.000000e+00
0.000000e+00
0.000000e+00
0.000000e+00
0.000000e+00
0.000000e+00
1.509434e+02
1.495458e+02
1.481481e+02
1.481481e+02
1.481481e+02
1.481481e+02
1.481481e+02
1.481481e+02
1.481481e+02
1.468013e+02
1.454545e+02
1.454545e+02
1.428571e+02
1.428571e+02
1.428571e+02
1.403509e+02
1.403509e+02
1.403509e+02
1.403509e+02
1.403509e+02
1.403509e+02
1.403509e+02
1.403509e+02
1.403509e+02
1.403509e+02
1.428571e+02
1.428571e+02
1.428571e+02
1.428571e+02
1.428571e+02
1.428571e+02
1.428571e+02
1.403509e+02
1.403509e+02
1.403509e+02
1.428571e+02
1.403509e+02
1.428571e+02
1.428571e+02
1.428571e+02
1.428571e+02
1.428571e+02
1.428571e+02
1.428571e+02
1.428571e+02
1.428571e+02
1.454545e+02
1.454545e+02
1.454545e+02
1.454545e+02
1.454545e+02
1.481481e+02
1.481481e+02
1.481481e+02
1.481481e+02
1.481481e+02
1.481481e+02
1.481481e+02
1.509434e+02
1.509434e+02
1.509434e+02
1.509434e+02
1.538462e+02
1.538462e+02
1.538462e+02
1.538462e+02
1.538462e+02
1.538462e+02
1.538462e+02
1.538462e+02
1.538462e+02
1.538462e+02
1.568627e+02
1.568627e+02
1.568627e+02
1.568627e+02
1.568627e+02
1.568627e+02
1.568627e+02
1.568627e+02
1.568627e+02
1.568627e+02
1.568627e+02
1.568627e+02
1.568627e+02
1.568627e+02
1.568627e+02
1.568627e+02
0.000000e+00
0.000000e+00
0.000000e+00
0.000000e+00
0.000000e+00
0.000000e+00
0.000000e+00
0.000000e+00
0.000000e+00
0.000000e+00
0.000000e+00
0.000000e+00
0.000000e+00
0.000000e+00
0.000000e+00
0.000000e+00
0.000000e+00
0.000000e+00
0.000000e+00
0.000000e+00
0.000000e+00
1.509434e+02
1.481481e+02
1.481481e+02
1.481481e+02
1.481481e+02
1.454545e+02
1.454545e+02
1.454545e+02
1.454545e+02
1.454545e+02
1.454545e+02
1.454545e+02
1.454545e+02
1.454545e+02
1.454545e+02
1.428571e+02
1.428571e+02
1.428571e+02
1.428571e+02
1.428571e+02
1.428571e+02
1.428571e+02
1.428571e+02
1.403509e+02
1.403509e+02
1.355932e+02
1.355932e+02
1.355932e+02
1.333333e+02
1.333333e+02
1.355932e+02
1.355932e+02
1.355932e+02
0.000000e+00
0.000000e+00
0.000000e+00
0.000000e+00
0.000000e+00
0.000000e+00
0.000000e+00
0.000000e+00
0.000000e+00
0.000000e+00
0.000000e+00
0.000000e+00
0.000000e+00
0.000000e+00
0.000000e+00
0.000000e+00
0.000000e+00
0.000000e+00
0.000000e+00
0.000000e+00
0.000000e+00
0.000000e+00
0.000000e+00
0.000000e+00
0.000000e+00
0.000000e+00
0.000000e+00
0.000000e+00
0.000000e+00
1.509434e+02
1.495458e+02
1.481481e+02
1.495458e+02
1.509434e+02
1.509434e+02
1.481481e+02
1.509434e+02
1.481481e+02
1.454545e+02
1.454545e+02
1.428571e+02
1.428571e+02
1.403509e+02
1.403509e+02
1.403509e+02
1.403509e+02
1.403509e+02
1.403509e+02
1.403509e+02
1.403509e+02
1.403509e+02
1.379310e+02
1.379310e+02
1.379310e+02
1.379310e+02
1.379310e+02
1.355932e+02
1.333333e+02
1.333333e+02
1.333333e+02
1.333333e+02
1.311475e+02
1.311475e+02
1.311475e+02
1.311475e+02
1.311475e+02
1.311475e+02
1.311475e+02
1.311475e+02
1.290323e+02
1.290323e+02
1.290323e+02
1.290323e+02
1.290323e+02
1.269841e+02
1.250000e+02
1.230769e+02
0.000000e+00
0.000000e+00
0.000000e+00
0.000000e+00
0.000000e+00
0.000000e+00
0.000000e+00
0.000000e+00
0.000000e+00
0.000000e+00
0.000000e+00
0.000000e+00
0.000000e+00
0.000000e+00
0.000000e+00
0.000000e+00
0.000000e+00
0.000000e+00
0.000000e+00
0.000000e+00
0.000000e+00
0.000000e+00
1.428571e+02
1.454545e+02
1.454545e+02
1.454545e+02
1.454545e+02
1.454545e+02
1.454545e+02
1.454545e+02
1.428571e+02
1.428571e+02
1.428571e+02
1.428571e+02
1.428571e+02
1.403509e+02
1.403509e+02
1.403509e+02
1.403509e+02
1.403509e+02
1.403509e+02
1.403509e+02
1.403509e+02
1.403509e+02
1.403509e+02
1.403509e+02
1.403509e+02
1.403509e+02
1.403509e+02
1.403509e+02
1.403509e+02
1.403509e+02
1.403509e+02
0.000000e+00
0.000000e+00
0.000000e+00
0.000000e+00
0.000000e+00
0.000000e+00
0.000000e+00
0.000000e+00
0.000000e+00
0.000000e+00
0.000000e+00
0.000000e+00
0.000000e+00
0.000000e+00
0.000000e+00
0.000000e+00
0.000000e+00
0.000000e+00
0.000000e+00
0.000000e+00
0.000000e+00
0.000000e+00
0.000000e+00
0.000000e+00
0.000000e+00
0.000000e+00
0.000000e+00
0.000000e+00
0.000000e+00
0.000000e+00
0.000000e+00
0.000000e+00
0.000000e+00
0.000000e+00
0.000000e+00
0.000000e+00
0.000000e+00
0.000000e+00
0.000000e+00
0.000000e+00
0.000000e+00
0.000000e+00
0.000000e+00
0.000000e+00
0.000000e+00
0.000000e+00
0.000000e+00
0.000000e+00
0.000000e+00
0.000000e+00
0.000000e+00
0.000000e+00
0.000000e+00
0.000000e+00
0.000000e+00
0.000000e+00
0.000000e+00
0.000000e+00
0.000000e+00
0.000000e+00
0.000000e+00
0.000000e+00
0.000000e+00
0.000000e+00
0.000000e+00
1.333333e+02
1.333333e+02
1.311475e+02
1.311475e+02
1.311475e+02
1.311475e+02
1.311475e+02
1.290323e+02
1.290323e+02
1.290323e+02
1.290323e+02
1.290323e+02
1.269841e+02
1.269841e+02
1.269841e+02
1.269841e+02
1.269841e+02
1.269841e+02
1.269841e+02
1.269841e+02
1.269841e+02
1.269841e+02
1.269841e+02
1.269841e+02
1.290323e+02
1.290323e+02
1.290323e+02
1.290323e+02
1.290323e+02
1.290323e+02
1.290323e+02
1.290323e+02
1.311475e+02
1.290323e+02
1.290323e+02
1.290323e+02
1.290323e+02
1.290323e+02
1.290323e+02
1.290323e+02
1.290323e+02
1.290323e+02
1.290323e+02
1.290323e+02
1.290323e+02
1.290323e+02
1.290323e+02
1.290323e+02
1.290323e+02
1.290323e+02
1.290323e+02
1.290323e+02
1.290323e+02
1.290323e+02
1.269841e+02
1.269841e+02
1.269841e+02
1.269841e+02
1.269841e+02
1.269841e+02
1.269841e+02
1.269841e+02
1.269841e+02
1.269841e+02
1.269841e+02
1.269841e+02
1.290323e+02
1.311475e+02
1.311475e+02
1.311475e+02
1.311475e+02
1.311475e+02
1.311475e+02
1.290323e+02
1.290323e+02
1.290323e+02
1.290323e+02
1.290323e+02
1.290323e+02
1.269841e+02
1.269841e+02
1.269841e+02
1.269841e+02
1.269841e+02
1.269841e+02
1.269841e+02
1.269841e+02
1.269841e+02
1.269841e+02
1.290323e+02
1.290323e+02
1.290323e+02
1.290323e+02
1.290323e+02
1.290323e+02
1.290323e+02
1.290323e+02
1.311475e+02
1.311475e+02
1.311475e+02
1.311475e+02
1.311475e+02
1.333333e+02
1.333333e+02
1.333333e+02
1.333333e+02
1.333333e+02
1.333333e+02
1.333333e+02
1.333333e+02
1.333333e+02
1.311475e+02
1.311475e+02
1.311475e+02
1.290323e+02
1.290323e+02
1.290323e+02
1.290323e+02
1.290323e+02
1.290323e+02
1.269841e+02
1.269841e+02
1.269841e+02
1.269841e+02
1.269841e+02
1.269841e+02
1.269841e+02
1.269841e+02
1.269841e+02
1.269841e+02
1.269841e+02
1.250000e+02
1.250000e+02
1.250000e+02
1.250000e+02
1.250000e+02
1.250000e+02
1.250000e+02
1.250000e+02
1.250000e+02
1.250000e+02
1.250000e+02
1.250000e+02
1.250000e+02
1.250000e+02
1.250000e+02
1.250000e+02
1.250000e+02
1.250000e+02
1.250000e+02
0.000000e+00
0.000000e+00
0.000000e+00
0.000000e+00
0.000000e+00
0.000000e+00
0.000000e+00
0.000000e+00
0.000000e+00
0.000000e+00
0.000000e+00
0.000000e+00
0.000000e+00
0.000000e+00
0.000000e+00
0.000000e+00
0.000000e+00
0.000000e+00
0.000000e+00
0.000000e+00
0.000000e+00
0.000000e+00
0.000000e+00
0.000000e+00
0.000000e+00
0.000000e+00
0.000000e+00
0.000000e+00
0.000000e+00
0.000000e+00
0.000000e+00
0.000000e+00
0.000000e+00
0.000000e+00
0.000000e+00
0.000000e+00
0.000000e+00
0.000000e+00
0.000000e+00
0.000000e+00
0.000000e+00
