2.758621e+02
2.758621e+02
2.758621e+02
2.758621e+02
2.758621e+02
2.758621e+02
0.000000e+00
0.000000e+00
0.000000e+00
0.000000e+00
0.000000e+00
1.403509e+02
1.403509e+02
1.416040e+02
1.428571e+02
1.441559e+02
1.454545e+02
1.454545e+02
1.454545e+02
1.454545e+02
1.454545e+02
1.454545e+02
1.454545e+02
1.468013e+02
1.481481e+02
1.481481e+02
1.481481e+02
1.495458e+02
1.509434e+02
1.509434e+02
1.509434e+02
1.509434e+02
1.509434e+02
1.509434e+02
1.509434e+02
1.509434e+02
1.509434e+02
1.509434e+02
1.509434e+02
1.509434e+02
1.509434e+02
1.509434e+02
1.509434e+02
1.509434e+02
1.509434e+02
1.509434e+02
1.509434e+02
1.509434e+02
1.509434e+02
1.509434e+02
1.509434e+02
1.481481e+02
1.481481e+02
1.454545e+02
1.454545e+02
1.454545e+02
1.454545e+02
1.454545e+02
1.428571e+02
1.428571e+02
1.428571e+02
1.428571e+02
1.428571e+02
1.428571e+02
1.428571e+02
1.403509e+02
0.000000e+00
0.000000e+00
0.000000e+00
0.000000e+00
0.000000e+00
0.000000e+00
0.000000e+00
0.000000e+00
0.000000e+00
0.000000e+00
0.000000e+00
0.000000e+00
0.000000e+00
0.000000e+00
0.000000e+00
0.000000e+00
0.000000e+00
1.269841e+02
1.269841e+02
1.269841e+02
1.269841e+02
0.000000e+00
0.000000e+00
0.000000e+00
0.000000e+00
0.000000e+00
0.000000e+00
0.000000e+00
0.000000e+00
0.000000e+00
0.000000e+00
0.000000e+00
0.000000e+00
0.000000e+00
1.212121e+02
1.212121e+02
1.212121e+02
1.212121e+02
1.230769e+02
1.230769e+02
1.230769e+02
1.230769e+02
1.212121e+02
1.212121e+02
1.212121e+02
1.212121e+02
1.212121e+02
1.212121e+02
0.000000e+00
0.000000e+00
0.000000e+00
0.000000e+00
0.000000e+00
0.000000e+00
0.000000e+00
0.000000e+00
0.000000e+00
0.000000e+00
0.000000e+00
0.000000e+00
0.000000e+00
0.000000e+00
0.000000e+00
0.000000e+00
0.000000e+00
0.000000e+00
0.000000e+00
0.000000e+00
0.000000e+00
0.000000e+00
0.000000e+00
0.000000e+00
0.000000e+00
0.000000e+00
0.000000e+00
0.000000e+00
0.000000e+00
0.000000e+00
0.000000e+00
0.000000e+00
0.000000e+00
0.000000e+00
0.000000e+00
0.000000e+00
0.000000e+00
0.000000e+00
